3 2 813.7
3 2 1637.4
3 1 2646.2
3 2 3469.9
3 2 4293.6
3 1 5302.4
3 1 6311.2
3 2 7134.9
3 2 7958.6
3 2 8782.3
3 1 9791.1
3 2 10615
3 2 11438
3 1 12447
3 2 13271
3 1 14280
3 1 15289
3 2 16112
3 2 16936
3 2 17760
3 2 18583
3 1 19592
3 2 20416
3 2 21240
3 2 22063
3 2 22887
3 2 23711
3 1 24720
3 2 25543
3 1 26552
3 2 27376
3 1 28384
3 1 29393
3 1 30402
3 1 31411
3 2 32235
3 2 33058
3 1 34067
3 2 34891
3 1 35900
3 1 36908
3 1 37917
3 2 38741
3 2 39565
3 1 40573
3 1 41582
3 1 42591
3 2 43415
3 2 44238
3 2 45062
3 1 46071
3 2 46895
3 2 47718
3 1 48727
3 1 49736
3 1 50745
3 2 51568
3 1 52577
3 2 53401
3 1 54410
3 2 55233
3 1 56242
3 2 57066
3 2 57890
3 2 58713
3 2 59537
3 2 60361
3 1 61370
3 1 62378
3 1 63387
3 2 64211
3 1 65220
3 2 66043
3 1 67052
3 2 67876
3 1 68885
3 1 69893
3 1 70902
3 2 71726
3 1 72735
3 1 73744
3 2 74567
3 2 75391
3 2 76215
3 2 77038
3 1 78047
3 2 78871
3 2 79694
3 1 80703
3 2 81527
3 1 82536
3 1 83545
3 2 84368
3 2 85192
3 2 86016
3 1 87024
3 2 87848
3 1 88857
3 1 89866
3 1 90875
3 1 91883
3 2 92707
3 1 93716
3 2 94540
3 1 95548
3 2 96372
3 1 97381
3 2 98205
3 2 99028
3 2 99852
3 1 1.0086e+05
3 1 1.0187e+05
3 1 1.0288e+05
3 2 1.037e+05
3 1 1.0471e+05
3 2 1.0553e+05
3 2 1.0636e+05
3 2 1.0718e+05
3 1 1.0819e+05
3 1 1.092e+05
3 1 1.1021e+05
3 2 1.1103e+05
3 1 1.1204e+05
3 2 1.1286e+05
3 2 1.1369e+05
3 2 1.1451e+05
3 1 1.1552e+05
3 1 1.1653e+05
3 1 1.1754e+05
3 2 1.1836e+05
3 1 1.1937e+05
3 2 1.2019e+05
3 1 1.212e+05
3 1 1.2221e+05
3 1 1.2322e+05
3 1 1.2423e+05
3 2 1.2505e+05
3 2 1.2588e+05
3 2 1.267e+05
3 1 1.2771e+05
3 2 1.2853e+05
3 2 1.2936e+05
3 1 1.3037e+05
3 2 1.3119e+05
3 1 1.322e+05
3 1 1.3321e+05
3 1 1.3422e+05
3 1 1.3522e+05
3 1 1.3623e+05
3 1 1.3724e+05
3 1 1.3825e+05
3 1 1.3926e+05
3 2 1.4008e+05
3 2 1.4091e+05
3 1 1.4192e+05
3 1 1.4292e+05
3 1 1.4393e+05
3 2 1.4476e+05
3 1 1.4577e+05
3 1 1.4678e+05
3 2 1.476e+05
3 1 1.4861e+05
3 1 1.4962e+05
3 1 1.5063e+05
3 1 1.5163e+05
3 1 1.5264e+05
3 2 1.5347e+05
3 2 1.5429e+05
3 2 1.5511e+05
3 1 1.5612e+05
3 1 1.5713e+05
3 1 1.5814e+05
3 2 1.5896e+05
3 1 1.5997e+05
3 1 1.6098e+05
3 1 1.6199e+05
3 2 1.6281e+05
3 2 1.6364e+05
3 2 1.6446e+05
3 1 1.6547e+05
3 2 1.6629e+05
3 1 1.673e+05
3 2 1.6813e+05
3 1 1.6914e+05
3 2 1.6996e+05
3 1 1.7097e+05
3 1 1.7198e+05
3 2 1.728e+05
3 2 1.7362e+05
3 1 1.7463e+05
3 2 1.7546e+05
3 2 1.7628e+05
3 1 1.7729e+05
3 1 1.783e+05
3 1 1.7931e+05
3 1 1.8032e+05
3 2 1.8114e+05
3 2 1.8196e+05
3 2 1.8279e+05
3 2 1.8361e+05
