17.845
147.1
272.89
387.23
495.37
619.59
738.8
859.88
961.56
1085.3
1209.3
1330.7
1431.1
1556
1679
1795.8
1895.2
2017
2147.6
2267.5
2372.4
2494.3
2615.3
2731.3
2837.7
2965.1
3085
3205.1
3308.4
3427.7
3550.8
3671
3777.8
3902.9
4022.9
4139.2
4246.3
4371.6
4485.4
4613.7
4714.7
4837.6
4959.2
5081.9
5178.2
5308
5429
5551.5
5656.2
5782.1
5895
6013.5
6119.9
6241.6
6368.9
6484.9
6591
6711.3
6832.7
6952.4
7056.5
7188.8
7300.1
7418.1
7526.5
7654.4
7770.6
7899.4
7995.2
8120.2
8244.6
8356.5
8467.2
8590.3
8710.6
8833.9
8937.5
9057.2
9178.4
9304.6
9403.7
9525.2
9650.3
9769.5
9871.8
9996.7
10114
10235
10343
10467
10584
10715
10810
10937
11059
11181
11282
11400
11526
11645
11747
11873
12000
12111
12215
12339
12459
12580
12688
12805
12933
13054
13160
13279
13404
13527
13630
13748
13873
13989
14094
14217
14340
14462
14561
14683
14811
14923
15030
15152
15282
15395
15502
15626
15746
15862
15969
16098
16218
16335
16439
16565
16688
16803
16907
17031
17153
17275
17374
17502
17626
17744
17851
17971
18093
18212
18317
18446
18560
18681
18783
18912
19028
19146
19258
19377
19496
19619
19721
19844
19967
20083
20193
20315
20438
20557
20659
20782
20909
21027
21129
21255
21372
21491
21592
21719
21842
21964
22068
22192
22317
22431
22536
22661
22782
22900
22999
23129
23248
23369
23478
23598
23720
23838
23941
24066
24187
24313
24414
24531
24661
24773
24879
25006
25131
25247
25352
25478
25599
25713
25818
25939
26070
26187
26286
26412
26534
26651
26761
26880
27000
27122
27220
27352
27473
27593
27696
27820
27942
28056
28165
28287
28411
28534
28632
28748
28878
29005
29101
29226
29351
29469
29576
29689
29813
29935
30043
30159
30285
30407
30510
30633
30755
30872
30979
31108
31224
31340
31444
31571
31691
31816
31917
32044
32164
32287
32391
32507
32634
32751
32851
32987
33104
33216
33323
33448
33570
33687
33791
33919
34036
34156
34257
34385
34508
34622
34733
34851
34979
35092
35202
35325
35442
35567
35668
35789
35911
36038
36141
36261
36387
36505
36611
36732
36852
36970
37073
37204
37320
37442
37545
37670
37793
37909
38012
38134
38252
38379
38481
38604
38725
38845
38953
39076
39197
39316
39417
39542
39671
39781
39886
40011
40132
40258
40356
40486
40603
40722
40827
40950
41069
41193
41292
41422
41545
41659
41770
41888
42019
42132
42235
42358
42477
42600
42703
42822
42945
43073
43167
43299
43421
43535
43642
43769
43887
44008
44110
44234
44361
44473
44581
44703
44832
44945
45050
45175
45296
45409
45516
45642
45763
45877
45982
46108
46235
46346
46457
46583
46705
46826
46922
47048
47172
47291
47389
47516
47646
47760
47857
47985
48110
48229
48326
48459
48576
48698
48802
48920
49043
49169
49268
49398
49512
49639
49737
49861
49990
50102
50208
50329
50448
50572
50678
50803
50919
51044
51147
51267
51393
51510
51610
51743
51859
51977
52085
52206
52330
52445
52551
52679
52797
52920
53022
53145
53267
53385
53485
53615
53732
53858
53963
54083
54205
54326
54427
54557
54679
54795
54895
55025
55140
55265
55366
55491
55615
55733
55839
55955
56077
56198
56305
56431
56550
56671
56772
56899
57022
57142
57240
57372
57486
57608
57707
57837
57949
58075
58177
58306
58432
58546
58645
58776
58889
59019
59116
59241
59367
59482
59586
59715
59834
59952
60050
60179
60305
60427
60531
60651
60766
60888
60998
61126
61241
61361
61462
61585
61709
61826
61935
62054
62182
62299
62405
62523
62645
62763
62868
62992
63111
63232
63342
63462
63585
63707
63805
63935
64053
64171
64280
64399
64525
64641
64746
64871
64993
65112
65219
65335
65460
65576
65682
65806
65931
66046
66152
66273
66400
66514
66618
66746
66866
66988
67089
67215
67339
67453
67556
67679
67801
67926
68033
68153
68274
68391
68495
68628
68743
68862
68964
69089
69215
69327
69436
69564
69681
69800
69906
70031
70151
70272
70376
70498
70617
70737
70842
70968
71087
71206
71311
71438
71562
71674
71780
71908
72028
72148
72249
72378
72499
72612
72720
72845
72963
73081
73187
73319
73433
73550
73657
73784
73904
74030
74122
74248
74367
74491
74597
74724
74843
74964
75069
75187
75304
75429
75536
75654
75777
75899
76002
76129
76248
76363
76473
76592
76719
76838
76941
77066
77186
77305
77410
77532
77653
77774
77874
78003
78121
78242
78346
78468
78591
78714
78816
78944
79062
79180
79284
79407
79528
79651
79750
79882
80002
80117
80216
80354
80471
80589
80692
80821
80939
81055
81163
81280
81408
81528
81631
81753
81877
81997
82101
82225
82342
82464
82567
82691
82814
82935
83039
83159
83283
83405
83504
83635
83747
83868
83978
84102
84225
84334
84440
84567
84692
84805
84911
85040
85159
85275
85380
85501
85626
85751
85851
85971
86096
86218
86315
86447
86568
86686
86790
86912
87039
87159
87257
87382
87504
87621
87725
87854
87974
88091
88195
88323
88443
88563
88665
88790
88912
89030
89133
89255
89381
89503
89606
89732
89848
89968
90079
90193
90318
90439
90545
90662
90791
90908
91013
91135
91255
91375
91476
91605
91718
91841
91947
92074
92195
92309
92419
92544
92666
92787
92887
93008
93130
93246
93355
93476
93600
93718
