51.813793 101.000000
202.393169 101.000000
352.659357 101.000000
502.651378 101.000000
652.760803 101.000000
800.470731 101.000000
949.060014 101.000000
1097.325606 101.000000
1247.484742 101.000000
1381.525730 101.000000
1531.423053 101.000000
1650.271508 101.000000
1800.235348 101.000000
1948.427736 101.000000
2098.401227 101.000000
2248.453053 101.000000
2398.613989 101.000000
2548.031204 101.000000
2698.147011 101.000000
2846.786923 101.000000
2991.960231 101.000000
3142.333964 101.000000
3293.025651 101.000000
3401.489557 101.000000
3552.229133 101.000000
3699.938696 101.000000
3848.550355 101.000000
3998.434959 101.000000
4143.514366 101.000000
4253.355149 101.000000
4382.975755 101.000000
4529.353470 101.000000
4678.947008 101.000000
4827.402503 101.000000
4975.890789 101.000000
5125.103590 101.000000
5273.417252 101.000000
5421.701805 101.000000
5570.973217 101.000000
5717.996010 101.000000
5868.419119 101.000000
6810.608861 101.000000
6959.638101 101.000000
7108.124634 101.000000
7256.848781 101.000000
7400.484237 101.000000
7550.841715 101.000000
7701.531214 101.000000
7850.232208 101.000000
7998.683254 101.000000
8146.063929 101.000000
8296.213958 101.000000
8444.427708 101.000000
8593.806386 101.000000
8742.080683 101.000000
8891.999122 101.000000
9040.401139 101.000000
9190.441426 101.000000
9341.159885 101.000000
9490.706103 101.000000
9639.382730 101.000000
9787.929652 101.000000
9937.732928 101.000000
10087.895742 101.000000
10237.939550 101.000000
10388.267918 101.000000
10538.462157 101.000000
10648.121973 101.000000
10795.269008 101.000000
10943.444439 101.000000
11093.900939 101.000000
11243.110589 101.000000
11391.695103 101.000000
11540.078105 101.000000
