1237.000000 671.000000
2572.000000 671.000000
3907.000000 671.000000
5242.000000 671.000000
6577.000000 671.000000
7912.000000 671.000000
9247.000000 671.000000
10582.000000 671.000000
11917.000000 671.000000
13252.000000 671.000000
14587.000000 671.000000
15922.000000 671.000000
17257.000000 671.000000
18592.000000 671.000000
19927.000000 671.000000
21262.000000 671.000000
22597.000000 671.000000
23932.000000 671.000000
25267.000000 671.000000
26602.000000 671.000000
27937.000000 671.000000
29272.000000 671.000000
30607.000000 671.000000
31942.000000 671.000000
33277.000000 671.000000
34612.000000 671.000000
35947.000000 671.000000
37282.000000 671.000000
38617.000000 671.000000
39952.000000 671.000000
41287.000000 671.000000
42622.000000 671.000000
43957.000000 671.000000
45292.000000 671.000000
46627.000000 671.000000
47962.000000 671.000000
49297.000000 671.000000
50632.000000 671.000000
51967.000000 671.000000
53302.000000 671.000000
54637.000000 671.000000
55972.000000 671.000000
57307.000000 671.000000
58642.000000 671.000000
59977.000000 671.000000
61312.000000 671.000000
62647.000000 671.000000
63982.000000 671.000000
65317.000000 671.000000
66652.000000 671.000000
67987.000000 671.000000
69322.000000 671.000000
70657.000000 671.000000
71992.000000 671.000000
73327.000000 671.000000
74662.000000 671.000000
75997.000000 671.000000
77332.000000 671.000000
78667.000000 671.000000
80002.000000 671.000000
81337.000000 671.000000
82672.000000 671.000000
84007.000000 671.000000
85342.000000 671.000000
86677.000000 671.000000
88012.000000 671.000000
89347.000000 671.000000
90682.000000 671.000000
92017.000000 671.000000
93352.000000 671.000000
94687.000000 671.000000
96022.000000 671.000000
97357.000000 671.000000
98692.000000 671.000000
100027.000000 671.000000
101362.000000 671.000000
102697.000000 671.000000
104032.000000 671.000000
105367.000000 671.000000
106702.000000 671.000000
108037.000000 671.000000
109372.000000 671.000000
110707.000000 671.000000
112042.000000 671.000000
113377.000000 671.000000
114712.000000 671.000000
116047.000000 671.000000
117382.000000 671.000000
118717.000000 671.000000
120052.000000 671.000000
121387.000000 671.000000
122722.000000 671.000000
124057.000000 671.000000
125392.000000 671.000000
126727.000000 671.000000
128062.000000 671.000000
129397.000000 671.000000
130732.000000 671.000000
132067.000000 671.000000
133402.000000 671.000000
134737.000000 671.000000
136072.000000 671.000000
137407.000000 671.000000
138742.000000 671.000000
140077.000000 671.000000
141412.000000 671.000000
142747.000000 671.000000
144082.000000 671.000000
145417.000000 671.000000
146752.000000 671.000000
148087.000000 671.000000
149422.000000 671.000000
150757.000000 671.000000
152092.000000 671.000000
153427.000000 671.000000
154762.000000 671.000000
156097.000000 671.000000
157432.000000 671.000000
158767.000000 671.000000
160102.000000 671.000000
161437.000000 671.000000
162772.000000 671.000000
164107.000000 671.000000
165442.000000 671.000000
166777.000000 671.000000
168112.000000 671.000000
169447.000000 671.000000
170782.000000 671.000000
172117.000000 671.000000
173452.000000 671.000000
174787.000000 671.000000
176122.000000 671.000000
177457.000000 671.000000
178792.000000 671.000000
180127.000000 671.000000
181462.000000 671.000000
182797.000000 671.000000
184132.000000 671.000000
185467.000000 671.000000
186802.000000 671.000000
188137.000000 671.000000
189472.000000 671.000000
190807.000000 671.000000
192142.000000 671.000000
193477.000000 671.000000
194812.000000 671.000000
196147.000000 671.000000
197482.000000 671.000000
198817.000000 671.000000
200152.000000 671.000000
201487.000000 671.000000
202822.000000 671.000000
204157.000000 671.000000
205492.000000 671.000000
206827.000000 671.000000
208162.000000 671.000000
209497.000000 671.000000
210832.000000 671.000000
212167.000000 671.000000
213502.000000 671.000000
214837.000000 671.000000
216172.000000 671.000000
217507.000000 671.000000
218842.000000 671.000000
220177.000000 671.000000
221512.000000 671.000000
222847.000000 671.000000
224182.000000 671.000000
225517.000000 671.000000
226852.000000 671.000000
228187.000000 671.000000
229522.000000 671.000000
230857.000000 671.000000
232192.000000 671.000000
233527.000000 671.000000
234862.000000 671.000000
236197.000000 671.000000
237532.000000 671.000000
238867.000000 671.000000
240202.000000 671.000000
241537.000000 671.000000
242872.000000 671.000000
244207.000000 671.000000
245542.000000 671.000000
246877.000000 671.000000
248212.000000 671.000000
249547.000000 671.000000
250882.000000 671.000000
252217.000000 671.000000
253552.000000 671.000000
254887.000000 671.000000
256222.000000 671.000000
257557.000000 671.000000
258892.000000 671.000000
260227.000000 671.000000
261562.000000 671.000000
262897.000000 671.000000
264232.000000 671.000000
265567.000000 671.000000
266902.000000 671.000000
268237.000000 671.000000
269572.000000 671.000000
270907.000000 671.000000
272242.000000 671.000000
273577.000000 671.000000
274912.000000 671.000000
276247.000000 671.000000
277582.000000 671.000000
278917.000000 671.000000
280252.000000 671.000000
281587.000000 671.000000
282922.000000 671.000000
284257.000000 671.000000
285592.000000 671.000000
286927.000000 671.000000
288262.000000 671.000000
289597.000000 671.000000
290932.000000 671.000000
292267.000000 671.000000
293602.000000 671.000000
