17.845 10
147.1 11
272.89 12
387.23 13
495.37 10
619.59 11
738.8 12
859.88 13
961.56 10
1085.3 11
1209.3 12
1330.7 13
1431.1 10
1556 11
1679 12
1795.8 13
1895.2 10
2017 11
2147.6 12
2267.5 13
2372.4 10
2494.3 11
2615.3 12
2731.3 13
2837.7 10
2965.1 11
3085 12
3205.1 13
3308.4 10
3427.7 11
3550.8 12
3671 13
3777.8 10
3902.9 11
4022.9 12
4139.2 13
4246.3 10
4371.6 11
4485.4 12
4613.7 13
4714.7 10
4837.6 11
4959.2 12
5081.9 13
5178.2 10
5308 11
5429 12
5551.5 13
5656.2 10
5782.1 11
5895 12
6013.5 13
6119.9 10
6241.6 11
6368.9 12
6484.9 13
6591 10
6711.3 11
6832.7 12
6952.4 13
7056.5 10
7188.8 11
7300.1 12
7418.1 13
7526.5 10
7654.4 11
7770.6 12
7899.4 13
7995.2 10
8120.2 11
8244.6 12
8356.5 13
8467.2 10
8590.3 11
8710.6 12
8833.9 13
8937.5 10
9057.2 11
9178.4 12
9304.6 13
9403.7 10
9525.2 11
9650.3 12
9769.5 13
9871.8 10
9996.7 11
10114 12
10235 13
10343 10
10467 11
10584 12
10715 13
10810 10
10937 11
11059 12
11181 13
11282 10
11400 11
11526 12
11645 13
11747 10
11873 11
12000 12
12111 13
12215 10
12339 11
12459 12
12580 13
12688 10
12805 11
12933 12
13054 13
13160 10
13279 11
13404 12
13527 13
13630 10
13748 11
13873 12
13989 13
14094 10
14217 11
14340 12
14462 13
14561 10
14683 11
14811 12
14923 13
15030 10
15152 11
15282 12
15395 13
15502 10
15626 11
15746 12
15862 13
15969 10
16098 11
16218 12
16335 13
16439 10
16565 11
16688 12
16803 13
16907 10
17031 11
17153 12
17275 13
17374 10
17502 11
17626 12
17744 13
17851 10
17971 11
18093 12
18212 13
18317 10
18446 11
18560 12
18681 13
18783 10
18912 11
19028 12
19146 13
19258 10
19377 11
19496 12
19619 13
19721 10
19844 11
19967 12
20083 13
20193 10
20315 11
20438 12
20557 13
20659 10
20782 11
20909 12
21027 13
21129 10
21255 11
21372 12
21491 13
21592 10
21719 11
21842 12
21964 13
22068 10
22192 11
22317 12
22431 13
22536 10
22661 11
22782 12
22900 13
22999 10
23129 11
23248 12
23369 13
23478 10
23598 11
23720 12
23838 13
23941 10
24066 11
24187 12
24313 13
24414 10
24531 11
24661 12
24773 13
24879 10
25006 11
25131 12
25247 13
25352 10
25478 11
25599 12
25713 13
25818 10
25939 11
26070 12
26187 13
26286 10
26412 11
26534 12
26651 13
26761 10
26880 11
27000 12
27122 13
27220 10
27352 11
27473 12
27593 13
27696 10
27820 11
27942 12
28056 13
28165 10
28287 11
28411 12
28534 13
28632 10
28748 11
28878 12
29005 13
29101 10
29226 11
29351 12
29469 13
29576 10
29689 11
29813 12
29935 13
30043 10
30159 11
30285 12
30407 13
30510 10
30633 11
30755 12
30872 13
30979 10
31108 11
31224 12
31340 13
31444 10
31571 11
31691 12
31816 13
31917 10
32044 11
32164 12
32287 13
32391 10
32507 11
32634 12
32751 13
32851 10
32987 11
33104 12
33216 13
33323 10
33448 11
33570 12
33687 13
33791 10
33919 11
34036 12
34156 13
34257 10
34385 11
34508 12
34622 13
34733 10
34851 11
34979 12
35092 13
35202 10
35325 11
35442 12
35567 13
35668 10
35789 11
35911 12
36038 13
36141 10
36261 11
36387 12
36505 13
36611 10
36732 11
36852 12
36970 13
37073 10
37204 11
37320 12
37442 13
37545 10
37670 11
37793 12
37909 13
38012 10
38134 11
38252 12
38379 13
38481 10
38604 11
38725 12
38845 13
38953 10
39076 11
39197 12
39316 13
39417 10
39542 11
39671 12
39781 13
39886 10
40011 11
40132 12
40258 13
40356 10
40486 11
40603 12
40722 13
40827 10
40950 11
41069 12
41193 13
41292 10
41422 11
41545 12
41659 13
41770 10
41888 11
42019 12
42132 13
42235 10
42358 11
42477 12
42600 13
42703 10
42822 11
42945 12
43073 13
43167 10
43299 11
43421 12
43535 13
43642 10
43769 11
43887 12
44008 13
44110 10
44234 11
44361 12
44473 13
44581 10
44703 11
44832 12
44945 13
45050 10
45175 11
45296 12
45409 13
45516 10
45642 11
45763 12
45877 13
45982 10
46108 11
46235 12
46346 13
46457 10
46583 11
46705 12
46826 13
46922 10
47048 11
47172 12
47291 13
47389 10
47516 11
47646 12
47760 13
47857 10
47985 11
48110 12
48229 13
48326 10
48459 11
48576 12
48698 13
48802 10
48920 11
49043 12
49169 13
49268 10
49398 11
49512 12
49639 13
49737 10
49861 11
49990 12
50102 13
50208 10
50329 11
50448 12
50572 13
50678 10
50803 11
50919 12
51044 13
51147 10
51267 11
51393 12
51510 13
51610 10
51743 11
51859 12
51977 13
52085 10
52206 11
52330 12
52445 13
52551 10
52679 11
52797 12
52920 13
53022 10
53145 11
53267 12
53385 13
53485 10
53615 11
53732 12
53858 13
53963 10
54083 11
54205 12
54326 13
54427 10
54557 11
54679 12
54795 13
54895 10
55025 11
55140 12
55265 13
55366 10
55491 11
55615 12
55733 13
55839 10
55955 11
56077 12
56198 13
56305 10
56431 11
56550 12
56671 13
56772 10
56899 11
57022 12
57142 13
57240 10
57372 11
57486 12
57608 13
57707 10
57837 11
57949 12
58075 13
58177 10
58306 11
58432 12
58546 13
58645 10
58776 11
58889 12
59019 13
59116 10
59241 11
59367 12
59482 13
59586 10
59715 11
59834 12
59952 13
60050 10
60179 11
60305 12
60427 13
60531 10
60651 11
60766 12
60888 13
60998 10
61126 11
61241 12
61361 13
61462 10
61585 11
61709 12
61826 13
61935 10
62054 11
62182 12
62299 13
62405 10
62523 11
62645 12
62763 13
62868 10
62992 11
63111 12
63232 13
63342 10
63462 11
63585 12
63707 13
63805 10
63935 11
64053 12
64171 13
64280 10
64399 11
64525 12
64641 13
64746 10
64871 11
64993 12
65112 13
65219 10
65335 11
65460 12
65576 13
65682 10
65806 11
65931 12
66046 13
66152 10
66273 11
66400 12
66514 13
66618 10
66746 11
66866 12
66988 13
67089 10
67215 11
67339 12
67453 13
67556 10
67679 11
67801 12
67926 13
68033 10
68153 11
68274 12
68391 13
68495 10
68628 11
68743 12
68862 13
68964 10
69089 11
69215 12
69327 13
69436 10
69564 11
69681 12
69800 13
69906 10
70031 11
70151 12
70272 13
70376 10
70498 11
70617 12
70737 13
70842 10
70968 11
71087 12
71206 13
71311 10
71438 11
71562 12
71674 13
71780 10
71908 11
72028 12
72148 13
72249 10
72378 11
72499 12
72612 13
72720 10
72845 11
72963 12
73081 13
73187 10
73319 11
73433 12
73550 13
73657 10
73784 11
73904 12
74030 13
74122 10
74248 11
74367 12
74491 13
74597 10
74724 11
74843 12
74964 13
75069 10
75187 11
75304 12
75429 13
75536 10
75654 11
75777 12
75899 13
76002 10
76129 11
76248 12
76363 13
76473 10
76592 11
76719 12
76838 13
76941 10
77066 11
77186 12
77305 13
77410 10
77532 11
77653 12
77774 13
77874 10
78003 11
78121 12
78242 13
78346 10
78468 11
78591 12
78714 13
78816 10
78944 11
79062 12
79180 13
79284 10
79407 11
79528 12
79651 13
79750 10
79882 11
80002 12
80117 13
80216 10
80354 11
80471 12
80589 13
80692 10
80821 11
80939 12
81055 13
81163 10
81280 11
81408 12
81528 13
81631 10
81753 11
81877 12
81997 13
82101 10
82225 11
82342 12
82464 13
82567 10
82691 11
82814 12
82935 13
83039 10
83159 11
83283 12
83405 13
83504 10
83635 11
83747 12
83868 13
83978 10
84102 11
84225 12
84334 13
84440 10
84567 11
84692 12
84805 13
84911 10
85040 11
85159 12
85275 13
85380 10
85501 11
85626 12
85751 13
85851 10
85971 11
86096 12
86218 13
86315 10
86447 11
86568 12
86686 13
86790 10
86912 11
87039 12
87159 13
87257 10
87382 11
87504 12
87621 13
87725 10
87854 11
87974 12
88091 13
88195 10
88323 11
88443 12
88563 13
88665 10
88790 11
88912 12
89030 13
89133 10
89255 11
89381 12
89503 13
89606 10
89732 11
89848 12
89968 13
90079 10
90193 11
90318 12
90439 13
90545 10
90662 11
90791 12
90908 13
91013 10
91135 11
91255 12
91375 13
91476 10
91605 11
91718 12
91841 13
91947 10
92074 11
92195 12
92309 13
92419 10
92544 11
92666 12
92787 13
92887 10
93008 11
93130 12
93246 13
93355 10
93476 11
93600 12
93718 13
