25.092160 28.000000
45.677251 30.000000
76.838252 32.000000
107.902423 34.000000
142.789155 28.000000
163.180138 30.000000
193.430540 32.000000
223.606298 34.000000
258.399030 28.000000
279.692572 30.000000
310.960445 32.000000
341.104721 34.000000
376.351024 28.000000
396.827400 30.000000
428.273021 32.000000
459.018038 34.000000
493.252721 28.000000
513.383416 30.000000
543.682579 32.000000
574.739088 34.000000
609.434203 28.000000
630.594521 30.000000
661.246116 32.000000
691.668030 34.000000
726.248262 28.000000
746.596114 30.000000
777.767280 32.000000
808.651451 34.000000
843.720978 28.000000
864.016833 30.000000
894.084910 32.000000
925.042990 34.000000
959.853339 28.000000
981.095373 30.000000
1011.570759 32.000000
1042.269730 34.000000
1076.802387 28.000000
1097.482727 30.000000
1127.796933 32.000000
1159.205558 34.000000
1194.291764 28.000000
1214.387105 30.000000
1245.692973 32.000000
1276.644949 34.000000
1311.882308 28.000000
1332.140589 30.000000
1363.330228 32.000000
1393.490381 34.000000
1427.753820 28.000000
1448.392690 30.000000
1478.971614 32.000000
1510.343699 34.000000
1544.409008 28.000000
1565.199864 30.000000
1595.663460 32.000000
1626.355516 34.000000
1660.868315 28.000000
1681.631505 30.000000
1712.274214 32.000000
1743.130437 34.000000
1777.440224 28.000000
1798.214157 30.000000
1829.505144 32.000000
1859.539197 34.000000
1893.882118 28.000000
1914.045364 30.000000
1944.630913 32.000000
1974.694088 34.000000
2009.622510 28.000000
2030.338617 30.000000
2061.183551 32.000000
2091.640353 34.000000
2126.003554 28.000000
2146.893798 30.000000
2177.563145 32.000000
2208.354098 34.000000
2243.708660 28.000000
2263.976648 30.000000
2294.610294 32.000000
2325.899614 34.000000
2360.365653 28.000000
2381.600115 30.000000
2412.382620 32.000000
2442.507860 34.000000
2476.717971 28.000000
2498.081094 30.000000
2529.334749 32.000000
2559.900466 34.000000
2594.756404 28.000000
2615.047068 30.000000
2645.212973 32.000000
2675.847106 34.000000
2710.234850 28.000000
2730.437098 30.000000
2761.678827 32.000000
2792.413373 34.000000
2827.071360 28.000000
2848.404226 30.000000
2878.907396 32.000000
2910.285068 34.000000
2945.335665 28.000000
2966.821033 30.000000
2997.920302 32.000000
3028.202552 34.000000
3062.994285 28.000000
3084.066737 30.000000
3114.399567 32.000000
3145.037683 34.000000
3179.928447 28.000000
3200.750560 30.000000
3231.672645 32.000000
3262.955071 34.000000
3297.073626 28.000000
3317.257283 30.000000
3348.163478 32.000000
3378.944661 34.000000
3413.380037 28.000000
3433.920300 30.000000
3464.288236 32.000000
3495.035043 34.000000
3530.299192 28.000000
3550.470321 30.000000
3580.732988 32.000000
3611.704264 34.000000
3646.480750 28.000000
3667.502798 30.000000
3698.591900 32.000000
3729.395903 34.000000
3764.821220 28.000000
3785.525886 30.000000
3815.983910 32.000000
3846.032573 34.000000
3881.090672 28.000000
3901.906900 30.000000
3932.565092 32.000000
3963.414026 34.000000
3998.613569 28.000000
4019.335950 30.000000
4049.705557 32.000000
4080.588506 34.000000
4115.542083 28.000000
4135.785764 30.000000
4166.872055 32.000000
4197.400509 34.000000
4231.403699 28.000000
4252.858448 30.000000
4283.274270 32.000000
4314.225984 34.000000
4348.392712 28.000000
4368.736338 30.000000
4398.804918 32.000000
4429.395013 34.000000
4464.233654 28.000000
4484.959650 30.000000
4515.873844 32.000000
4546.546303 34.000000
4580.922538 28.000000
4601.860746 30.000000
4632.566249 32.000000
4663.213237 34.000000
4698.133826 28.000000
4718.714666 30.000000
4749.574428 32.000000
4779.917079 34.000000
4814.700639 28.000000
4834.875277 30.000000
4865.252353 32.000000
4896.047436 34.000000
4930.274401 28.000000
4950.888617 30.000000
4981.990866 32.000000
5013.455777 34.000000
5048.147419 28.000000
5068.232383 30.000000
5099.518799 32.000000
5130.487335 34.000000
5164.938299 28.000000
5185.805816 30.000000
5216.988696 32.000000
5247.617183 34.000000
5282.338678 28.000000
5302.469903 30.000000
5333.740196 32.000000
5364.280997 34.000000
5399.499316 28.000000
5420.096111 30.000000
5450.785815 32.000000
5481.603003 34.000000
5516.562717 28.000000
5536.805297 30.000000
5567.939859 32.000000
5597.955398 34.000000
5633.030115 28.000000
5654.452344 30.000000
5684.752850 32.000000
5715.027003 34.000000
5749.690738 28.000000
5769.990743 30.000000
5800.496166 32.000000
5831.124413 34.000000
5865.250549 28.000000
5885.818078 30.000000
5916.714856 32.000000
5947.664798 34.000000
5982.840409 28.000000
6003.374697 30.000000
6034.868660 32.000000
6064.914245 34.000000
6098.923686 28.000000
6119.850708 30.000000
6150.096301 32.000000
6180.906365 34.000000
6215.317964 28.000000
6236.331134 30.000000
6267.033056 32.000000
6297.604676 34.000000
6332.481814 28.000000
6353.654251 30.000000
6383.953532 32.000000
6414.592514 34.000000
6449.540865 28.000000
6470.010452 30.000000
6500.993400 32.000000
6531.936475 34.000000
6566.891663 28.000000
6587.570344 30.000000
6618.441551 32.000000
6649.418343 34.000000
6684.149808 28.000000
6704.322335 30.000000
6734.691001 32.000000
6765.152919 34.000000
6799.802748 28.000000
6820.818508 30.000000
6852.307520 32.000000
6883.003456 34.000000
6917.700982 28.000000
6938.193256 30.000000
6969.429300 32.000000
6999.554359 34.000000
7035.021812 28.000000
7055.164340 30.000000
7085.857246 32.000000
7115.940259 34.000000
7150.375009 28.000000
7170.376162 30.000000
7200.701379 32.000000
7230.770135 34.000000
7265.388785 28.000000
7285.501057 30.000000
7316.619446 32.000000
7347.441259 34.000000
7382.939698 28.000000
7403.598843 30.000000
7434.608068 32.000000
7465.116409 34.000000
7499.860883 28.000000
7520.229073 30.000000
7551.025569 32.000000
7582.009288 34.000000
7616.731963 28.000000
7638.203102 30.000000
7668.722490 32.000000
7699.307844 34.000000
7733.474767 28.000000
7754.257612 30.000000
7785.496271 32.000000
7816.118148 34.000000
7850.343647 28.000000
7871.473848 30.000000
7902.812431 32.000000
7933.855932 34.000000
7968.011828 28.000000
7988.860982 30.000000
8019.223057 32.000000
8049.368093 34.000000
8084.635272 28.000000
8105.760072 30.000000
8136.870041 32.000000
8168.016381 34.000000
8202.569394 28.000000
8223.264550 30.000000
8253.424562 32.000000
8283.616578 34.000000
8318.075583 28.000000
8339.319939 30.000000
8369.729342 32.000000
8400.722994 34.000000
8436.104232 28.000000
8457.174375 30.000000
8488.465800 32.000000
8519.683622 34.000000
8555.143804 28.000000
8575.743104 30.000000
8606.969995 32.000000
8637.827735 34.000000
8672.690288 28.000000
8692.875974 30.000000
8724.298971 32.000000
8755.372631 34.000000
8789.596098 28.000000
8810.578691 30.000000
8841.156340 32.000000
8871.644241 34.000000
8907.070925 28.000000
8928.278514 30.000000
8958.329546 32.000000
8988.576679 34.000000
9023.673672 28.000000
9045.078024 30.000000
9075.812448 32.000000
9106.320315 34.000000
9141.795889 28.000000
9162.527565 30.000000
9193.146653 32.000000
9223.539155 34.000000
9257.847075 28.000000
9278.182791 30.000000
9308.288890 32.000000
9339.379833 34.000000
9373.612534 28.000000
9395.073988 30.000000
9425.935083 32.000000
9456.230798 34.000000
9491.306368 28.000000
9512.456604 30.000000
9543.856012 32.000000
9573.948950 34.000000
9608.230882 28.000000
9628.717176 30.000000
9659.564051 32.000000
9689.757787 34.000000
9724.924314 28.000000
9746.422309 30.000000
9776.424195 32.000000
9806.804510 34.000000
9841.282313 28.000000
9861.770703 30.000000
9893.059182 32.000000
9924.540054 34.000000
9959.010125 28.000000
9980.228531 30.000000
10011.210020 32.000000
10041.854843 34.000000
10077.287153 28.000000
10097.908616 30.000000
10128.550327 32.000000
10160.020730 34.000000
10195.002560 28.000000
10216.023518 30.000000
10246.314640 32.000000
10277.785914 34.000000
10312.937515 28.000000
10333.688465 30.000000
10364.876563 32.000000
10395.349488 34.000000
10430.796125 28.000000
10451.265684 30.000000
10482.281745 32.000000
10512.816576 34.000000
10547.892159 28.000000
10568.778922 30.000000
10599.285154 32.000000
10630.685822 34.000000
10666.163441 28.000000
10687.514044 30.000000
10718.564328 32.000000
10749.203734 34.000000
10784.164735 28.000000
10804.974285 30.000000
10835.099331 32.000000
10865.895451 34.000000
10900.106109 28.000000
10921.191525 30.000000
10952.397822 32.000000
10982.556782 34.000000
11017.606221 28.000000
11038.816605 30.000000
11069.587366 32.000000
11100.590286 34.000000
11135.623152 28.000000
11156.522935 30.000000
11186.934365 32.000000
11218.212518 34.000000
11252.474613 28.000000
11272.721085 30.000000
11302.916739 32.000000
11333.388830 34.000000
11368.159072 28.000000
11389.368171 30.000000
11420.492374 32.000000
11450.819643 34.000000
11485.417210 28.000000
11505.629160 30.000000
11536.870490 32.000000
11567.926022 34.000000
11603.168143 28.000000
11623.401163 30.000000
11653.483148 32.000000
11684.665873 34.000000
11719.288248 28.000000
11740.782993 30.000000
11771.970243 32.000000
11802.480827 34.000000
11837.364875 28.000000
11858.629085 30.000000
11888.703863 32.000000
11919.427348 34.000000
11953.732988 28.000000
11973.808931 30.000000
12004.041887 32.000000
12035.437246 34.000000
12070.894828 28.000000
12091.897240 30.000000
12123.363785 32.000000
12154.360098 34.000000
12189.375947 28.000000
12209.664687 30.000000
12240.338307 32.000000
12270.873685 34.000000
12306.188478 28.000000
12326.807457 30.000000
12357.881817 32.000000
12388.452140 34.000000
12423.330301 28.000000
12443.543460 30.000000
12474.853309 32.000000
12505.973285 34.000000
12540.360067 28.000000
12560.410941 30.000000
12591.057265 32.000000
12621.235710 34.000000
12656.701561 28.000000
12677.542810 30.000000
12708.655271 32.000000
12738.819234 34.000000
12772.863545 28.000000
12793.053353 30.000000
12823.158113 32.000000
12854.594289 34.000000
12889.191709 28.000000
12910.106168 30.000000
12940.638036 32.000000
12971.247385 34.000000
13006.360384 28.000000
13027.130738 30.000000
13057.593101 32.000000
13088.073633 34.000000
13123.533775 28.000000
13144.541790 30.000000
13175.164145 32.000000
13206.257308 34.000000
13240.842983 28.000000
13261.874486 30.000000
13292.288627 32.000000
13323.317332 34.000000
13358.464961 28.000000
13378.887849 30.000000
13408.919707 32.000000
13439.015802 34.000000
13473.573967 28.000000
13494.160001 30.000000
13525.096184 32.000000
13556.545115 34.000000
13591.462791 28.000000
13612.650205 30.000000
13642.689871 32.000000
13673.460126 34.000000
13707.802744 28.000000
13728.931772 30.000000
13759.976156 32.000000
13790.859252 34.000000
13825.468967 28.000000
13846.251938 30.000000
13876.842113 32.000000
13908.311433 34.000000
13942.596866 28.000000
13964.027936 30.000000
13995.293084 32.000000
14026.723628 34.000000
14061.901759 28.000000
14081.940811 30.000000
14113.392111 32.000000
14143.643151 34.000000
14178.923266 28.000000
14199.279070 30.000000
14229.776553 32.000000
14260.479649 34.000000
14295.494680 28.000000
14315.795737 30.000000
14347.291291 32.000000
14378.347962 34.000000
14412.683467 28.000000
14433.663347 30.000000
14464.450774 32.000000
14495.317911 34.000000
14530.083460 28.000000
14551.117055 30.000000
14581.873407 32.000000
14612.317345 34.000000
14647.492808 28.000000
14668.317406 30.000000
14699.008595 32.000000
14729.536668 34.000000
14763.590385 28.000000
14784.069268 30.000000
14815.437014 32.000000
14846.296039 34.000000
14880.563376 28.000000
14901.391753 30.000000
14932.740639 32.000000
14963.845601 34.000000
14998.521071 28.000000
15019.541977 30.000000
15050.051843 32.000000
15080.186188 34.000000
15115.242040 28.000000
15135.333460 30.000000
15166.664114 32.000000
15197.756131 34.000000
15232.141031 28.000000
15253.168554 30.000000
15284.419488 32.000000
15315.250993 34.000000
15349.996866 28.000000
15371.337655 30.000000
15402.357340 32.000000
15433.603125 34.000000
15468.973054 28.000000
15490.128161 30.000000
15520.332400 32.000000
15550.608464 34.000000
15585.421380 28.000000
15606.102795 30.000000
15636.648225 32.000000
15667.078022 34.000000
15702.036671 28.000000
15722.917110 30.000000
15754.253737 32.000000
15784.519581 34.000000
15819.052738 28.000000
15839.866953 30.000000
15870.785970 32.000000
15900.884295 34.000000
15935.550035 28.000000
15956.280389 30.000000
15987.064237 32.000000
16018.101477 34.000000
16053.236754 28.000000
16074.615387 30.000000
16106.114403 32.000000
16136.830329 34.000000
16171.073799 28.000000
16191.076498 30.000000
16221.980192 32.000000
16252.614550 34.000000
16288.027729 28.000000
16308.047258 30.000000
16338.474612 32.000000
16369.096699 34.000000
16403.855604 28.000000
16424.001331 30.000000
16454.402432 32.000000
16484.581845 34.000000
16519.483428 28.000000
16539.969831 30.000000
16570.605180 32.000000
16601.906489 34.000000
16636.205683 28.000000
16657.166477 30.000000
16688.460628 32.000000
16719.059673 34.000000
16754.143018 28.000000
16774.757558 30.000000
16805.022454 32.000000
16835.954108 34.000000
16870.998190 28.000000
16891.883935 30.000000
16922.508576 32.000000
16953.190577 34.000000
16987.609965 28.000000
17008.099537 30.000000
17038.127613 32.000000
17068.235693 34.000000
17103.245811 28.000000
17123.995719 30.000000
17154.835328 32.000000
17186.254022 34.000000
17221.514170 28.000000
17242.122667 30.000000
17272.274523 32.000000
17303.677892 34.000000
17337.968707 28.000000
17358.959418 30.000000
17389.248799 32.000000
17420.335258 34.000000
17455.596925 28.000000
17476.909798 30.000000
17508.393397 32.000000
17539.533592 34.000000
17574.259406 28.000000
17594.780471 30.000000
17625.092229 32.000000
17655.646147 34.000000
17690.700954 28.000000
17711.428255 30.000000
17742.439474 32.000000
17772.865560 34.000000
17807.388434 28.000000
17827.956137 30.000000
17858.271326 32.000000
17888.364962 34.000000
17923.862455 28.000000
17944.992704 30.000000
17975.629063 32.000000
18006.417676 34.000000
18041.784936 28.000000
18062.963399 30.000000
18093.796756 32.000000
18124.928835 34.000000
18159.260882 28.000000
18179.501718 30.000000
18210.076986 32.000000
18241.166352 34.000000
18276.528600 28.000000
18296.858629 30.000000
18328.338493 32.000000
18358.867781 34.000000
18392.987936 28.000000
18413.668362 30.000000
18443.859989 32.000000
18474.697291 34.000000
18509.768923 28.000000
18530.139026 30.000000
18561.127404 32.000000
18591.165414 34.000000
18625.639165 28.000000
18646.224759 30.000000
18677.274667 32.000000
18708.738514 34.000000
18742.952918 28.000000
18763.282980 30.000000
18793.662895 32.000000
18824.053925 34.000000
18858.419418 28.000000
18879.662386 30.000000
18909.839734 32.000000
18940.190522 34.000000
18975.005588 28.000000
18995.960215 30.000000
19027.227036 32.000000
19058.492295 34.000000
19092.987965 28.000000
19113.540322 30.000000
19143.889278 32.000000
19175.377703 34.000000
19210.312356 28.000000
19231.278362 30.000000
19261.390841 32.000000
19291.928742 34.000000
19326.700452 28.000000
19347.709921 30.000000
19378.435684 32.000000
19409.746039 34.000000
19445.000650 28.000000
19465.550490 30.000000
19496.699289 32.000000
19527.795518 34.000000
19562.920713 28.000000
19583.371735 30.000000
19613.847473 32.000000
19644.135687 34.000000
19679.609100 28.000000
19700.062041 30.000000
19731.105470 32.000000
19761.143853 34.000000
19795.483558 28.000000
19816.566483 30.000000
19847.546997 32.000000
19878.325502 34.000000
19913.766940 28.000000
19935.159331 30.000000
19966.189006 32.000000
19997.346706 34.000000
20031.832653 28.000000
20053.223028 30.000000
20084.083990 32.000000
20114.705871 34.000000
20149.133961 28.000000
20169.950631 30.000000
20200.385124 32.000000
20230.418511 34.000000
20265.211216 28.000000
20286.166451 30.000000
20316.177044 32.000000
20346.584995 34.000000
20381.402485 28.000000
20402.003990 30.000000
20433.119209 32.000000
20463.996224 34.000000
20498.129993 28.000000
20518.375048 30.000000
20548.689414 32.000000
20580.079212 34.000000
20615.354237 28.000000
20636.491389 30.000000
20667.384660 32.000000
20697.511063 34.000000
20731.854561 28.000000
20752.852337 30.000000
20782.978525 32.000000
20814.151972 34.000000
20848.751650 28.000000
20869.781730 30.000000
20900.072178 32.000000
20930.996612 34.000000
20965.341156 28.000000
20985.759378 30.000000
21016.316818 32.000000
21046.995990 34.000000
21082.121194 28.000000
21103.170750 30.000000
21133.583679 32.000000
21164.725150 34.000000
21198.814606 28.000000
21220.188635 30.000000
21251.214673 32.000000
21281.858697 34.000000
21316.087675 28.000000
21337.293579 30.000000
21367.462528 32.000000
21397.872141 34.000000
21433.327779 28.000000
21453.557069 30.000000
21483.798364 32.000000
21513.804668 34.000000
21548.720498 28.000000
21569.680634 30.000000
21600.120657 32.000000
21630.376739 34.000000
21664.722612 28.000000
21684.963472 30.000000
21716.415083 32.000000
21747.161559 34.000000
21782.387895 28.000000
21802.986013 30.000000
21833.898413 32.000000
21863.945184 34.000000
21898.512401 28.000000
21918.677595 30.000000
21949.203462 32.000000
21979.554856 34.000000
22013.845853 28.000000
22034.644951 30.000000
22065.166846 32.000000
22095.381397 34.000000
22130.778460 28.000000
22152.029516 30.000000
22183.208760 32.000000
22214.486177 34.000000
22248.745814 28.000000
22269.222937 30.000000
22300.589746 32.000000
22331.366327 34.000000
22366.756764 28.000000
22387.079255 30.000000
22417.883267 32.000000
22447.984514 34.000000
22482.469140 28.000000
22503.815949 30.000000
22534.508526 32.000000
22565.882595 34.000000
22600.662537 28.000000
22621.538524 30.000000
22651.701449 32.000000
22683.150717 34.000000
22717.527450 28.000000
22738.892315 30.000000
22769.981721 32.000000
22800.673925 34.000000
22835.758964 28.000000
22856.547728 30.000000
22887.562713 32.000000
22917.704745 34.000000
22952.249489 28.000000
22972.768524 30.000000
23004.158170 32.000000
23034.879328 34.000000
23070.272167 28.000000
23090.316979 30.000000
23120.411336 32.000000
23151.815862 34.000000
23186.565207 28.000000
23207.427721 30.000000
23237.547362 32.000000
23268.735266 34.000000
23304.003283 28.000000
23324.811753 30.000000
23356.085731 32.000000
23386.942786 34.000000
23421.040132 28.000000
23441.162687 30.000000
23471.180288 32.000000
23501.516664 34.000000
23536.531448 28.000000
23557.302946 30.000000
23588.693671 32.000000
23620.047233 34.000000
23654.944395 28.000000
23675.054610 30.000000
23705.801539 32.000000
23735.951946 34.000000
23770.325588 28.000000
23791.537949 30.000000
23821.727314 32.000000
23852.633805 34.000000
23888.108587 28.000000
23909.271596 30.000000
23939.421073 32.000000
23970.465090 34.000000
24005.004187 28.000000
24026.304114 30.000000
24056.616656 32.000000
24087.981223 34.000000
24122.094262 28.000000
24143.397641 30.000000
24173.542571 32.000000
24204.219211 34.000000
24239.625686 28.000000
24260.180492 30.000000
24290.287434 32.000000
24321.046375 34.000000
24355.185087 28.000000
24376.007978 30.000000
24406.701496 32.000000
24437.388152 34.000000
24472.674830 28.000000
24492.743388 30.000000
24523.895962 32.000000
24555.043155 34.000000
24589.761471 28.000000
24610.495888 30.000000
24641.165728 32.000000
24672.266075 34.000000
24706.889322 28.000000
24727.157063 30.000000
24758.588091 32.000000
24789.008805 34.000000
24824.472454 28.000000
24844.921466 30.000000
24875.624622 32.000000
24906.281693 34.000000
24940.835499 28.000000
24961.767939 30.000000
24991.848452 32.000000
25022.022917 34.000000
25056.545562 28.000000
25077.669834 30.000000
25109.147412 32.000000
25140.057280 34.000000
25175.472718 28.000000
25196.047429 30.000000
25226.518271 32.000000
25257.827610 34.000000
25292.379746 28.000000
25312.767477 30.000000
25343.335681 32.000000
25373.932814 34.000000
25409.015872 28.000000
25430.000605 30.000000
25460.208169 32.000000
25490.759310 34.000000
25525.553471 28.000000
25546.280089 30.000000
25577.130394 32.000000
25608.340098 34.000000
25643.596717 28.000000
25665.041589 30.000000
25696.285292 32.000000
25726.858992 34.000000
25761.854338 28.000000
25782.017193 30.000000
25813.092159 32.000000
25844.340283 34.000000
25878.621144 28.000000
25898.695334 30.000000
25929.881733 32.000000
25960.360472 34.000000
25994.785794 28.000000
26015.570352 30.000000
26046.542942 32.000000
26077.452450 34.000000
26112.590684 28.000000
26133.982409 30.000000
26165.117419 32.000000
26195.636637 34.000000
26230.706548 28.000000
26252.116691 30.000000
26282.245965 32.000000
26312.322688 34.000000
26346.374004 28.000000
26366.861769 30.000000
26397.941764 32.000000
26428.960801 34.000000
26463.529814 28.000000
26484.620373 30.000000
26514.686445 32.000000
26545.468365 34.000000
26580.835945 28.000000
26602.038245 30.000000
26633.236250 32.000000
26663.269130 34.000000
26698.673943 28.000000
26720.055079 30.000000
26750.067150 32.000000
26781.140626 34.000000
26815.630788 28.000000
26836.968049 30.000000
26868.413107 32.000000
26898.811638 34.000000
26933.864148 28.000000
26954.773171 30.000000
26985.421665 32.000000
27015.811516 34.000000
27050.504421 28.000000
27071.930703 30.000000
27103.196753 32.000000
27134.690992 34.000000
27169.295005 28.000000
27190.694731 30.000000
27220.782033 32.000000
27251.387834 34.000000
27286.054126 28.000000
27307.151084 30.000000
27337.235492 32.000000
27368.709700 34.000000
27403.210779 28.000000
27423.359481 30.000000
27454.395300 32.000000
27484.722514 34.000000
27519.703242 28.000000
27540.694217 30.000000
27571.504817 32.000000
27602.578662 34.000000
27636.966559 28.000000
27656.992360 30.000000
27687.282195 32.000000
27717.402423 34.000000
27751.777358 28.000000
27772.452916 30.000000
27803.704117 32.000000
27834.852671 34.000000
27869.480243 28.000000
27890.088514 30.000000
27920.663352 32.000000
27951.633059 34.000000
27986.544561 28.000000
28007.145610 30.000000
28037.749822 32.000000
28068.876249 34.000000
28103.419577 28.000000
28123.995871 30.000000
28154.681330 32.000000
28185.036710 34.000000
28220.150481 28.000000
28241.412885 30.000000
28272.000142 32.000000
28303.081809 34.000000
28338.572991 28.000000
28358.759010 30.000000
28388.828427 32.000000
28418.922895 34.000000
28453.899541 28.000000
28474.679759 30.000000
28505.496712 32.000000
28535.585394 34.000000
28570.289289 28.000000
28590.548292 30.000000
28621.775581 32.000000
28653.113309 34.000000
28688.310509 28.000000
28709.753147 30.000000
28740.374582 32.000000
28770.600729 34.000000
28805.775731 28.000000
28827.074907 30.000000
28857.704596 32.000000
28887.833480 34.000000
28921.890912 28.000000
28943.214796 30.000000
28974.638406 32.000000
29006.108585 34.000000
29041.512511 28.000000
29061.648186 30.000000
29092.801163 32.000000
29123.734165 34.000000
29158.178402 28.000000
29178.213790 30.000000
29208.338688 32.000000
29239.373713 34.000000
29274.071494 28.000000
29295.446141 30.000000
29325.484326 32.000000
29355.926874 34.000000
29391.031124 28.000000
29411.185050 30.000000
29441.652555 32.000000
29472.755962 34.000000
29506.860626 28.000000
29527.752212 30.000000
29559.110276 32.000000
29590.166412 34.000000
29624.234749 28.000000
29644.686912 30.000000
29675.637890 32.000000
29705.761698 34.000000
29740.454969 28.000000
29761.056305 30.000000
29792.439496 32.000000
29823.890040 34.000000
29858.629125 28.000000
29878.676959 30.000000
29909.360752 32.000000
29940.743020 34.000000
29974.906955 28.000000
29995.523717 30.000000
30026.785120 32.000000
30057.427668 34.000000
30091.796099 28.000000
30112.690678 30.000000
30143.053556 32.000000
30173.606875 34.000000
30207.661001 28.000000
30228.290516 30.000000
30258.962289 32.000000
30290.310738 34.000000
30324.857982 28.000000
30344.999246 30.000000
30375.127164 32.000000
30405.231098 34.000000
30440.304138 28.000000
30461.161320 30.000000
30492.266229 32.000000
30523.597333 34.000000
30559.070118 28.000000
30579.474619 30.000000
30609.695340 32.000000
30640.913557 34.000000
30675.483390 28.000000
30696.903246 30.000000
30727.019614 32.000000
30758.093278 34.000000
30793.203652 28.000000
30814.289776 30.000000
30844.427697 32.000000
30874.616527 34.000000
30909.205787 28.000000
30930.121987 30.000000
30961.566713 32.000000
30992.850855 34.000000
31027.231096 28.000000
31047.946534 30.000000
31078.109515 32.000000
31108.337109 34.000000
31142.991974 28.000000
31164.451149 30.000000
31195.376292 32.000000
31225.653010 34.000000
31260.989483 28.000000
31281.353484 30.000000
31311.634891 32.000000
31343.091581 34.000000
31377.764514 28.000000
31398.703238 30.000000
31429.324103 32.000000
31459.835182 34.000000
31494.915489 28.000000
31515.126754 30.000000
31545.908647 32.000000
31575.964376 34.000000
31610.487462 28.000000
31631.165601 30.000000
31661.972306 32.000000
31691.983578 34.000000
31727.111404 28.000000
31747.990502 30.000000
31778.020732 32.000000
31808.643189 34.000000
31843.771465 28.000000
31864.539362 30.000000
31895.142835 32.000000
31926.169975 34.000000
31961.649509 28.000000
31982.687336 30.000000
32013.396029 32.000000
32043.418830 34.000000
32078.011047 28.000000
32098.028823 30.000000
32128.573241 32.000000
32158.738568 34.000000
32194.173599 28.000000
32214.244168 30.000000
32244.310333 32.000000
32274.615564 34.000000
32308.691459 28.000000
32329.870171 30.000000
32360.176494 32.000000
32391.218177 34.000000
32425.584974 28.000000
32446.499152 30.000000
32477.903141 32.000000
32509.256720 34.000000
32543.377256 28.000000
32563.908469 30.000000
32595.391467 32.000000
32626.458107 34.000000
32661.450120 28.000000
32682.701234 30.000000
32714.143482 32.000000
32745.139246 34.000000
32780.095060 28.000000
32801.169610 30.000000
32831.399213 32.000000
32861.672097 34.000000
32896.949788 28.000000
32917.150921 30.000000
32948.441873 32.000000
32978.735218 34.000000
33013.728070 28.000000
33034.061760 30.000000
33064.562420 32.000000
33094.746461 34.000000
33129.056111 28.000000
33150.046554 30.000000
33181.334250 32.000000
33212.594518 34.000000
33247.342619 28.000000
33267.430932 30.000000
33297.813033 32.000000
33328.116917 34.000000
33362.766704 28.000000
33383.232331 30.000000
33413.709424 32.000000
33445.177213 34.000000
33479.652563 28.000000
33500.074326 30.000000
33531.446508 32.000000
33561.974815 34.000000
33595.994082 28.000000
33616.786258 30.000000
33648.057482 32.000000
33679.228624 34.000000
33714.382550 28.000000
33734.400602 30.000000
33765.492051 32.000000
33796.626614 34.000000
33832.078073 28.000000
33852.410186 30.000000
33882.959958 32.000000
33913.865881 34.000000
33949.127994 28.000000
33969.577723 30.000000
34000.336903 32.000000
34031.288991 34.000000
34066.673102 28.000000
34086.702811 30.000000
34116.825307 32.000000
34147.345742 34.000000
34182.266840 28.000000
34203.252973 30.000000
34233.296061 32.000000
34263.768736 34.000000
34298.838212 28.000000
34319.142547 30.000000
34349.402687 32.000000
34379.558838 34.000000
34413.943139 28.000000
34434.395609 30.000000
34465.672471 32.000000
34496.909300 34.000000
34531.900584 28.000000
34552.852729 30.000000
34583.537628 32.000000
34614.118926 34.000000
34649.509367 28.000000
34670.079291 30.000000
34700.262992 32.000000
34731.713011 34.000000
34766.097537 28.000000
34786.370052 30.000000
34816.473226 32.000000
34847.719734 34.000000
34883.175519 28.000000
34904.324702 30.000000
34935.468398 32.000000
34965.690109 34.000000
35000.745300 28.000000
35021.186281 30.000000
35051.758241 32.000000
35082.764069 34.000000
35118.026812 28.000000
35138.944102 30.000000
35169.558182 32.000000
35200.414952 34.000000
35234.612716 28.000000
35254.979676 30.000000
35285.914189 32.000000
35316.565205 34.000000
35351.731000 28.000000
35371.992971 30.000000
35402.487009 32.000000
35433.928256 34.000000
35468.210477 28.000000
35488.831912 30.000000
35519.788053 32.000000
35550.413128 34.000000
35584.986565 28.000000
35605.615903 30.000000
35636.840017 32.000000
35667.960653 34.000000
35703.261971 28.000000
35723.366265 30.000000
35753.714002 32.000000
35783.813518 34.000000
35818.484668 28.000000
35838.716741 30.000000
35869.169034 32.000000
35899.721387 34.000000
35935.045223 28.000000
35955.459562 30.000000
35986.719779 32.000000
36017.868678 34.000000
36053.267299 28.000000
36074.184726 30.000000
36104.694273 32.000000
36135.942791 34.000000
36170.022376 28.000000
36190.296047 30.000000
36220.523492 32.000000
36251.835040 34.000000
36286.934677 28.000000
36308.271504 30.000000
36339.012312 32.000000
36369.801938 34.000000
36404.734366 28.000000
36425.879010 30.000000
36456.773213 32.000000
36487.365864 34.000000
36522.233080 28.000000
36543.065869 30.000000
36574.400046 32.000000
36605.525857 34.000000
36640.112923 28.000000
36661.397261 30.000000
36691.496591 32.000000
36722.296281 34.000000
36757.186989 28.000000
36778.571752 30.000000
36809.234253 32.000000
36839.568293 34.000000
36874.288266 28.000000
36895.102980 30.000000
36925.468346 32.000000
36955.876597 34.000000
36990.180633 28.000000
37010.541317 30.000000
37041.753741 32.000000
37073.094036 34.000000
37108.229307 28.000000
37129.178897 30.000000
37159.844384 32.000000
37190.946028 34.000000
37225.417382 28.000000
37245.686401 30.000000
37276.149107 32.000000
37306.987289 34.000000
37341.449804 28.000000
37362.562344 30.000000
37393.004082 32.000000
37423.518388 34.000000
37457.629654 28.000000
37478.503173 30.000000
37508.850241 32.000000
37540.109153 34.000000
37574.376300 28.000000
37595.429274 30.000000
37625.556654 32.000000
37655.771908 34.000000
37690.302050 28.000000
37711.188895 30.000000
37742.005605 32.000000
37773.336702 34.000000
37808.370563 28.000000
37828.766494 30.000000
37859.339909 32.000000
37890.154466 34.000000
37924.614174 28.000000
37945.864975 30.000000
37975.908938 32.000000
38006.410096 34.000000
38041.781885 28.000000
38063.033567 30.000000
38093.937002 32.000000
38124.674340 34.000000
38159.403313 28.000000
38180.745322 30.000000
38211.300497 32.000000
38242.094552 34.000000
38277.060543 28.000000
38297.096509 30.000000
38327.952104 32.000000
38358.963271 34.000000
38394.014948 28.000000
38415.156205 30.000000
38446.239185 32.000000
38477.118446 34.000000
38511.789420 28.000000
38532.305639 30.000000
38563.473274 32.000000
38594.641095 34.000000
38629.674716 28.000000
38650.278204 30.000000
38680.419882 32.000000
38711.877162 34.000000
38746.414220 28.000000
38767.465189 30.000000
38798.015360 32.000000
38828.560354 34.000000
38863.107506 28.000000
38883.655342 30.000000
38914.630511 32.000000
38945.504764 34.000000
38979.964588 28.000000
39000.369964 30.000000
39031.754716 32.000000
39062.354325 34.000000
39097.534768 28.000000
39117.678536 30.000000
39148.287827 32.000000
39178.440042 34.000000
39213.199940 28.000000
39234.126289 30.000000
39265.255973 32.000000
39296.016711 34.000000
39331.422762 28.000000
39351.953137 30.000000
39382.767712 32.000000
39413.123710 34.000000
39447.381338 28.000000
39468.079589 30.000000
39498.693472 32.000000
39530.105048 34.000000
39565.080087 28.000000
39585.720373 30.000000
39616.292157 32.000000
39647.208151 34.000000
39682.266718 28.000000
39703.088802 30.000000
39733.120453 32.000000
39764.171994 34.000000
39798.183053 28.000000
39818.648107 30.000000
39849.597136 32.000000
39879.701087 34.000000
39913.771791 28.000000
39935.091373 30.000000
39966.217131 32.000000
39997.130312 34.000000
40031.577056 28.000000
40052.244728 30.000000
40083.645409 32.000000
40113.910007 34.000000
40149.184248 28.000000
40169.855541 30.000000
40200.756085 32.000000
40231.381339 34.000000
40266.508971 28.000000
40287.150865 30.000000
40318.645739 32.000000
40350.007485 34.000000
40384.081953 28.000000
40404.282238 30.000000
40435.336320 32.000000
40465.383489 34.000000
40499.502006 28.000000
40520.338908 30.000000
40551.393889 32.000000
40581.703134 34.000000
40616.782532 28.000000
40637.659522 30.000000
40668.220295 32.000000
40699.018808 34.000000
40733.628667 28.000000
40753.871025 30.000000
40785.109224 32.000000
40815.110700 34.000000
40850.429602 28.000000
40871.437142 30.000000
40902.900893 32.000000
40933.914533 34.000000
40968.688995 28.000000
40989.279036 30.000000
41020.032764 32.000000
41050.287006 34.000000
41084.887392 28.000000
41104.899389 30.000000
41136.389020 32.000000
41166.460591 34.000000
41201.312983 28.000000
41222.079534 30.000000
41252.466843 32.000000
41283.128029 34.000000
41317.618864 28.000000
41338.640787 30.000000
41369.641675 32.000000
41400.078387 34.000000
41434.470983 28.000000
41454.558462 30.000000
41486.051322 32.000000
41517.397865 34.000000
41552.732470 28.000000
41573.087725 30.000000
41604.398439 32.000000
41634.706006 34.000000
41669.646702 28.000000
41690.644422 30.000000
41721.227345 32.000000
41752.005937 34.000000
41786.356991 28.000000
41807.082250 30.000000
41837.998456 32.000000
41869.294245 34.000000
41903.346677 28.000000
41924.575110 30.000000
41955.066396 32.000000
41985.239368 34.000000
42019.476037 28.000000
42040.252080 30.000000
42071.634328 32.000000
42102.571135 34.000000
42136.665130 28.000000
42158.083158 30.000000
42189.206353 32.000000
42219.874729 34.000000
42255.054506 28.000000
42275.645865 30.000000
42306.664583 32.000000
42338.100766 34.000000
42373.488240 28.000000
42394.495583 30.000000
42425.497217 32.000000
42456.333230 34.000000
42490.521213 28.000000
42510.851318 30.000000
42540.869733 32.000000
42571.083218 34.000000
42606.034287 28.000000
42626.341731 30.000000
42657.133610 32.000000
42687.821374 34.000000
42722.481220 28.000000
42742.610331 30.000000
42772.728862 32.000000
42803.952531 34.000000
42838.409650 28.000000
42859.576385 30.000000
42889.852364 32.000000
42921.187726 34.000000
42955.952668 28.000000
42975.965165 30.000000
43006.351218 32.000000
43037.140244 34.000000
43071.437220 28.000000
43091.681473 30.000000
43122.457702 32.000000
43153.700500 34.000000
43187.830364 28.000000
43207.936807 30.000000
43238.054585 32.000000
43268.621438 34.000000
43303.759706 28.000000
43324.795781 30.000000
43354.869712 32.000000
43385.280239 34.000000
43420.707158 28.000000
43441.351762 30.000000
43471.385202 32.000000
43501.844622 34.000000
43536.362212 28.000000
43556.547966 30.000000
43587.166043 32.000000
43617.733052 34.000000
43652.760939 28.000000
43673.332854 30.000000
43704.676234 32.000000
43735.249730 34.000000
43770.014981 28.000000
43790.375826 30.000000
43821.809191 32.000000
43852.326573 34.000000
43887.542547 28.000000
43908.159105 30.000000
43938.392820 32.000000
43969.222138 34.000000
44004.514180 28.000000
44025.593491 30.000000
44056.635457 32.000000
44087.393837 34.000000
44122.449756 28.000000
44142.555204 30.000000
44173.167650 32.000000
44203.586399 34.000000
44238.864426 28.000000
44259.891019 30.000000
44291.143818 32.000000
44322.064523 34.000000
44356.571709 28.000000
44377.751775 30.000000
44408.779126 32.000000
44439.497097 34.000000
44474.064031 28.000000
44494.984475 30.000000
44525.492519 32.000000
44556.572831 34.000000