27.740128 28.000000
49.380772 30.000000
82.292550 32.000000
112.718209 34.000000
149.596687 28.000000
172.398667 30.000000
203.575348 32.000000
233.670846 34.000000
270.141220 28.000000
290.244558 30.000000
322.630158 32.000000
354.569097 34.000000
390.608205 28.000000
412.103297 30.000000
442.774733 32.000000
474.871963 34.000000
509.287836 28.000000
530.050683 30.000000
561.100634 32.000000
592.520500 34.000000
628.169671 28.000000
650.430859 30.000000
680.592709 32.000000
710.982428 34.000000
745.993795 28.000000
767.579395 30.000000
799.541632 32.000000
829.793096 34.000000
866.270547 28.000000
887.598582 30.000000
919.923313 32.000000
951.122661 34.000000
987.854604 28.000000
1008.262810 30.000000
1038.697674 32.000000
1070.237423 34.000000
1104.607380 28.000000
1124.756343 30.000000
1156.224101 32.000000
1186.557709 34.000000
1221.769446 28.000000
1244.637849 30.000000
1275.697325 32.000000
1306.204295 34.000000
1341.557066 28.000000
1362.123931 30.000000
1394.000787 32.000000
1426.327925 34.000000
1461.246973 28.000000
1483.631468 30.000000
1515.229944 32.000000
1546.880413 34.000000
1581.784152 28.000000
1602.368445 30.000000
1633.675541 32.000000
1664.229990 34.000000
1698.563348 28.000000
1719.349983 30.000000
1749.702236 32.000000
1781.225811 34.000000
1815.313472 28.000000
1837.049047 30.000000
1868.689464 32.000000
1900.561644 34.000000
1937.525590 28.000000
1959.914142 30.000000
1991.953326 32.000000
2023.914598 34.000000
2060.625760 28.000000
2081.219189 30.000000
2112.658955 32.000000
2145.237282 34.000000
2179.957078 28.000000
2200.460860 30.000000
2231.874125 32.000000
2262.088461 34.000000
2298.541103 28.000000
2320.096887 30.000000
2351.458281 32.000000
2381.857794 34.000000
2418.267887 28.000000
2439.518285 30.000000
2470.813239 32.000000
2501.131888 34.000000
2536.150368 28.000000
2558.363942 30.000000
2591.192153 32.000000
2623.295450 34.000000
2659.295033 28.000000
2679.808396 30.000000
2711.815922 32.000000
2744.760836 34.000000
2779.889653 28.000000
2800.251488 30.000000
2832.000447 32.000000
2862.796290 34.000000
2897.827921 28.000000
2920.466882 30.000000
2950.534420 32.000000
2981.070718 34.000000
3016.483491 28.000000
3036.584302 30.000000
3068.547639 32.000000
3101.453587 34.000000
3137.286463 28.000000
3158.085878 30.000000
3189.667306 32.000000
3222.498174 34.000000
3258.526541 28.000000
3278.730519 30.000000
3311.263696 32.000000
3341.283842 34.000000
3375.287295 28.000000
3397.597774 30.000000
3427.705062 32.000000
3458.163226 34.000000
3494.378506 28.000000
3516.675006 30.000000
3548.403635 32.000000
3580.336963 34.000000
3617.172485 28.000000
3637.530674 30.000000
3669.516508 32.000000
3700.764984 34.000000
3736.605366 28.000000
3757.399703 30.000000
3789.336359 32.000000
3821.278293 34.000000
3858.259407 28.000000
3878.450181 30.000000
3910.740695 32.000000
3943.658918 34.000000
3977.940378 28.000000
3999.394938 30.000000
4030.955095 32.000000
4061.741531 34.000000
4097.068738 28.000000
4118.252861 30.000000
4148.311593 32.000000
4178.902755 34.000000
4214.076304 28.000000
4236.341535 30.000000
4269.189447 32.000000
4301.689949 34.000000
4338.659565 28.000000
4359.123822 30.000000
4391.600574 32.000000
4421.870426 34.000000
4457.355957 28.000000
4477.520879 30.000000
4509.610881 32.000000
4542.577616 34.000000
4579.547466 28.000000
4600.230995 30.000000
4632.766530 32.000000
4664.765778 34.000000
4700.955034 28.000000
4722.699373 30.000000
4753.061952 32.000000
4783.690167 34.000000
4819.534308 28.000000
4840.111839 30.000000
4870.679055 32.000000
4902.294845 34.000000
4937.630395 28.000000
4960.252177 30.000000
4992.173112 32.000000
5022.419326 34.000000
5058.282202 28.000000
5080.468187 30.000000
5113.271402 32.000000
5144.811535 34.000000
5178.904203 28.000000
5199.903012 30.000000
5232.429632 32.000000
5263.767712 34.000000
5298.760199 28.000000
5320.380145 30.000000
5351.623713 32.000000
5381.924377 34.000000
5417.490034 28.000000
5440.205495 30.000000
5470.517530 32.000000
5501.070112 34.000000
5535.707917 28.000000
5555.869180 30.000000
5586.459155 32.000000
5616.764163 34.000000
5650.950298 28.000000
5673.234576 30.000000
5705.566298 32.000000
5738.043724 34.000000
5772.074734 28.000000
5793.653041 30.000000
5824.516972 32.000000
5854.701744 34.000000
5890.925507 28.000000
5912.381195 30.000000
5942.535190 32.000000
5975.364215 34.000000
6009.695275 28.000000
6031.656711 30.000000
6062.361192 32.000000
6092.619896 34.000000
6128.413721 28.000000
6148.673720 30.000000
6180.329056 32.000000
6210.784592 34.000000
6245.496711 28.000000
6265.811250 30.000000
6297.621851 32.000000
6329.896148 34.000000
6366.697428 28.000000
6388.160239 30.000000
6418.271943 32.000000
6450.101515 34.000000
6486.190814 28.000000
6506.214274 30.000000
6537.807902 32.000000
6568.210812 34.000000
6602.799559 28.000000
6623.552685 30.000000
6654.105986 32.000000
6686.226131 34.000000
6722.093623 28.000000
6743.284021 30.000000
6776.232527 32.000000
6807.376562 34.000000
6842.428892 28.000000
6864.926163 30.000000
6896.283940 32.000000
6928.511576 34.000000
6962.584878 28.000000
6985.455686 30.000000
7017.747380 32.000000
7048.065141 34.000000
7082.360697 28.000000
7104.358659 30.000000
7134.819430 32.000000
7164.929119 34.000000
7200.504255 28.000000
7221.749535 30.000000
7254.520562 32.000000
7287.283853 34.000000
7322.056695 28.000000
7344.358683 30.000000
7375.615828 32.000000
7408.059447 34.000000
7443.966432 28.000000
7466.566681 30.000000
7497.239196 32.000000
7527.665757 34.000000
7563.843083 28.000000
7585.556161 30.000000
7618.329903 32.000000
7650.250253 34.000000
7685.292566 28.000000
7705.357515 30.000000
7737.796854 32.000000
7769.387009 34.000000
7804.070147 28.000000
7825.677140 30.000000
7855.877979 32.000000
7888.229188 34.000000
7924.107001 28.000000
7944.232461 30.000000
7975.295828 32.000000
8007.325762 34.000000
8043.312908 28.000000
8064.896448 30.000000
8096.647048 32.000000
8126.894826 34.000000
8163.808602 28.000000
8185.048884 30.000000
8217.227197 32.000000
8249.756837 34.000000
8284.891396 28.000000
8305.698560 30.000000
8336.407895 32.000000
8369.211330 34.000000
8404.680621 28.000000
8424.813118 30.000000
8455.350065 32.000000
8488.069158 34.000000
8522.233008 28.000000
8544.667816 30.000000
8575.837830 32.000000
8607.692843 34.000000
8643.884599 28.000000
8666.134065 30.000000
8699.071453 32.000000
8730.153362 34.000000
8766.237592 28.000000
8788.454809 30.000000
8820.442770 32.000000
8852.316489 34.000000
8887.362843 28.000000
8909.931390 30.000000
8942.441559 32.000000
8974.861837 34.000000
9009.921263 28.000000
9032.840138 30.000000
9064.865475 32.000000
9094.923247 34.000000
9129.616961 28.000000
9150.390499 30.000000
9180.755475 32.000000
9211.952535 34.000000
9248.336581 28.000000
9268.500956 30.000000
9300.661454 32.000000
9330.873507 34.000000
9366.504497 28.000000
9387.804278 30.000000
9420.051334 32.000000
9450.467508 34.000000
9486.808395 28.000000
9508.487917 30.000000
9539.347778 32.000000
9571.999829 34.000000
9607.730103 28.000000
9629.293712 30.000000
9661.840969 32.000000
9694.641474 34.000000
9728.857628 28.000000
9751.290478 30.000000
9784.205836 32.000000
9815.570062 34.000000
9852.311197 28.000000
9875.010337 30.000000
9907.298094 32.000000
9939.290934 34.000000
9975.440943 28.000000
9996.611022 30.000000
10028.439911 32.000000
10060.581298 34.000000
10096.605628 28.000000
10119.049673 30.000000
10150.176749 32.000000
10181.371142 34.000000
10217.538187 28.000000
10237.719588 30.000000
10268.624768 32.000000
10299.064312 34.000000
10334.776828 28.000000
10355.768874 30.000000
10388.432092 32.000000
10419.615696 34.000000
10456.409031 28.000000
10478.189116 30.000000
10509.784784 32.000000
10542.682942 34.000000
10577.723627 28.000000
10599.409796 30.000000
10631.603957 32.000000
10663.930621 34.000000
10700.766261 28.000000
10721.936053 30.000000
10752.622116 32.000000
10782.856323 34.000000
10818.571170 28.000000
10838.739099 30.000000
10870.044625 32.000000
10902.636230 34.000000
10938.187220 28.000000
10960.487266 30.000000
10992.002666 32.000000
11023.759493 34.000000
11059.310430 28.000000
11080.632334 30.000000
11113.151426 32.000000
11144.252996 34.000000
11179.473326 28.000000
11200.677487 30.000000
11231.758834 32.000000
11263.047026 34.000000
11297.404647 28.000000
11319.759858 30.000000
11350.421888 32.000000
11381.226116 34.000000
11417.929290 28.000000
11439.057323 30.000000
11470.366305 32.000000
11501.658094 34.000000
11537.698210 28.000000
11558.352536 30.000000
11591.025323 32.000000
11622.851229 34.000000
11657.848943 28.000000
11677.948481 30.000000
11708.958080 32.000000
11740.603779 34.000000
11775.328284 28.000000
11798.135268 30.000000
11829.216381 32.000000
11861.315232 34.000000
11896.177514 28.000000
11917.905682 30.000000
11949.418875 32.000000
11980.013385 34.000000
12014.783738 28.000000
12037.622429 30.000000
12069.636739 32.000000
12100.987711 34.000000
12136.937833 28.000000
12157.286188 30.000000
12189.071111 32.000000
12220.096044 34.000000
12254.551885 28.000000
12275.857007 30.000000
12307.576788 32.000000
12339.284863 34.000000
12373.948660 28.000000
12395.466658 30.000000
12428.338694 32.000000
12458.609734 34.000000
12494.708636 28.000000
12517.140520 30.000000
12548.103343 32.000000
12579.773010 34.000000
12616.140097 28.000000
12636.469682 30.000000
12669.387635 32.000000
12701.938707 34.000000
12736.204705 28.000000
12756.387792 30.000000
12786.960751 32.000000
12818.991364 34.000000
12855.005753 28.000000
12876.433992 30.000000
12906.595581 32.000000
12938.964512 34.000000
12975.578941 28.000000
12995.806844 30.000000
13026.598346 32.000000
13058.941782 34.000000
13094.214462 28.000000
13115.283988 30.000000
13145.865286 32.000000
13178.704261 34.000000
13214.198108 28.000000
13237.085319 30.000000
13268.523773 32.000000
13300.199450 34.000000
13335.804652 28.000000
13356.717698 30.000000
13388.339350 32.000000
13418.389374 34.000000
13453.159880 28.000000
13473.996232 30.000000
13506.637245 32.000000
13539.544020 34.000000
13574.673854 28.000000
13597.115784 30.000000
13628.905726 32.000000
13661.110594 34.000000
13696.043922 28.000000
13717.434390 30.000000
13747.438647 32.000000
13777.820446 34.000000
13814.161783 28.000000
13834.310679 30.000000
13866.834786 32.000000
13897.495717 34.000000
13932.538418 28.000000
13953.023136 30.000000
13985.675864 32.000000
14017.547866 34.000000
14054.490800 28.000000
14076.313098 30.000000
14107.957496 32.000000
14140.826085 34.000000
14174.956256 28.000000
14195.357598 30.000000
14228.057546 32.000000
14259.313422 34.000000
14295.529104 28.000000
14317.021835 30.000000
14347.491340 32.000000
14379.996605 34.000000
14416.561383 28.000000
14436.670529 30.000000
14468.488406 32.000000
14499.707526 34.000000
14534.271802 28.000000
14554.974156 30.000000
14587.458089 32.000000
14618.433986 34.000000
14653.222878 28.000000
14674.376579 30.000000
14707.317943 32.000000
14739.588570 34.000000
14776.377023 28.000000
14797.000215 30.000000
14829.242816 32.000000
14861.739817 34.000000
14896.809328 28.000000
14919.199202 30.000000
14949.274653 32.000000
14980.376511 34.000000
15014.765302 28.000000
15037.547766 30.000000
15070.062983 32.000000
15101.129205 34.000000
15136.130209 28.000000
15159.016551 30.000000
15190.847472 32.000000
15223.137260 34.000000
15258.124384 28.000000
15280.614126 30.000000
15312.458345 32.000000
15344.485930 34.000000
15380.284244 28.000000
15402.807503 30.000000
15434.909978 32.000000
15466.197885 34.000000
15501.026921 28.000000
15521.284629 30.000000
15553.998629 32.000000
15584.444024 34.000000
15620.976022 28.000000
15641.989458 30.000000
15672.700098 32.000000
15705.617014 34.000000
15741.512807 28.000000
15763.673836 30.000000
15794.270047 32.000000
15826.246616 34.000000
15860.571925 28.000000
15883.457819 30.000000
15914.237502 32.000000
15946.326445 34.000000
15981.317052 28.000000
16002.002349 30.000000
16032.847810 32.000000
16064.657699 34.000000
16101.203489 28.000000
16123.094104 30.000000
16154.893742 32.000000
16186.116932 34.000000
16221.770353 28.000000
16241.926930 30.000000
16274.297066 32.000000
16306.519782 34.000000
16341.025852 28.000000
16361.077370 30.000000
16393.028893 32.000000
16423.071979 34.000000
16457.276521 28.000000
16479.870387 30.000000
16511.953438 32.000000
16544.822742 34.000000
16580.711094 28.000000
16603.551544 30.000000
16634.172639 32.000000
16665.059242 34.000000
16699.871737 28.000000
16722.338283 30.000000
16754.435684 32.000000
16785.832671 34.000000
16822.558249 28.000000
16842.953741 30.000000
16874.708872 32.000000
16907.486446 34.000000
16943.102022 28.000000
16964.080756 30.000000
16994.443493 32.000000
17027.135933 34.000000
17063.230695 28.000000
17085.712122 30.000000
17117.456595 32.000000
17147.518450 34.000000
17183.907186 28.000000
17204.315208 30.000000
17235.046151 32.000000
17267.247378 34.000000
17303.232706 28.000000
17326.125582 30.000000
17358.095664 32.000000
17389.379041 34.000000
17425.564374 28.000000
17447.163863 30.000000
17479.946881 32.000000
17510.556779 34.000000
17546.509215 28.000000
17566.846602 30.000000
17598.341286 32.000000
17629.870805 34.000000
17664.762867 28.000000
17686.844397 30.000000
17717.763887 32.000000
17748.229552 34.000000
17784.842259 28.000000
17807.343446 30.000000
17838.857643 32.000000
17870.676296 34.000000
17906.146042 28.000000
17927.024537 30.000000
17958.557856 32.000000
17990.971418 34.000000
18027.434408 28.000000
18048.980533 30.000000
18081.546573 32.000000
18112.542541 34.000000
18147.072097 28.000000
18169.132257 30.000000
18202.071230 32.000000
18233.049333 34.000000
18267.981370 28.000000
18290.595336 30.000000
18322.854937 32.000000
18354.526815 34.000000
18389.785369 28.000000
18412.572876 30.000000
18444.680466 32.000000
18476.433070 34.000000
18511.999767 28.000000
18534.541768 30.000000
18565.141270 32.000000
18595.158229 34.000000
18629.328669 28.000000
18650.931542 30.000000
18683.592634 32.000000
18715.682779 34.000000
18751.516490 28.000000
18772.412936 30.000000
18805.076519 32.000000
18837.522825 34.000000
18872.305007 28.000000
18893.929069 30.000000
18926.507509 32.000000
18959.077478 34.000000
18994.428643 28.000000
19015.268130 30.000000
19046.675431 32.000000
19079.257913 34.000000
19113.946319 28.000000
19134.645823 30.000000
19167.459829 32.000000
19199.394211 34.000000
19235.262852 28.000000
19257.085099 30.000000
19288.371980 32.000000
19318.658320 34.000000
19352.685065 28.000000
19372.971195 30.000000
19404.974240 32.000000
19437.230029 34.000000
19471.483140 28.000000
19493.990280 30.000000
19524.954700 32.000000
19557.352255 34.000000
19592.821221 28.000000
19613.718113 30.000000
19646.166075 32.000000
19678.863544 34.000000
19713.396927 28.000000
19735.670443 30.000000
19766.699460 32.000000
19797.535977 34.000000
19831.608059 28.000000
19852.470108 30.000000
19883.081137 32.000000
19913.606855 34.000000
19949.285889 28.000000
19972.164031 30.000000
20002.342956 32.000000
20033.769019 34.000000
20068.408830 28.000000
20089.408948 30.000000
20120.633138 32.000000
20152.204981 34.000000
20189.111314 28.000000
20210.250035 30.000000
20240.720116 32.000000
20272.694207 34.000000
20307.534898 28.000000
20327.932742 30.000000
20360.432788 32.000000
20390.795788 34.000000
20425.026725 28.000000
20446.268035 30.000000
20478.879461 32.000000
20509.053789 34.000000
20544.257449 28.000000
20564.465552 30.000000
20595.725433 32.000000
20628.421075 34.000000
20664.650737 28.000000
20684.663742 30.000000
20715.343662 32.000000
20745.598574 34.000000
20780.927624 28.000000
20802.634957 30.000000
20833.061976 32.000000
20865.066724 34.000000
20901.700015 28.000000
20922.124024 30.000000
20954.137515 32.000000
20985.651947 34.000000
21020.819792 28.000000
21043.337553 30.000000
21075.089862 32.000000
21107.043967 34.000000
21143.521863 28.000000
21163.849947 30.000000
21196.442711 32.000000
21227.975735 34.000000
21264.743876 28.000000
21286.906046 30.000000
21318.545485 32.000000
21351.397998 34.000000
21386.765529 28.000000
21409.263791 30.000000
21440.799415 32.000000
21471.227704 34.000000
21505.886672 28.000000
21526.269409 30.000000
21557.734866 32.000000
21588.093893 34.000000
21623.575538 28.000000
21646.016312 30.000000
21678.729529 32.000000
21709.459337 34.000000
21744.309670 28.000000
21764.561629 30.000000
21796.155391 32.000000
21827.469073 34.000000
21861.906490 28.000000
21883.604222 30.000000
21915.002880 32.000000
21945.960785 34.000000
21982.738214 28.000000
22005.477761 30.000000
22037.930666 32.000000
22068.091459 34.000000
22104.529957 28.000000
22125.664402 30.000000
22155.813988 32.000000
22188.745755 34.000000
22225.164043 28.000000
22245.726192 30.000000
22277.906416 32.000000
22309.940734 34.000000
22346.778761 28.000000
22368.623472 30.000000
22399.057052 32.000000
22430.609085 34.000000
22466.698791 28.000000
22489.132743 30.000000
22521.287286 32.000000
22553.199205 34.000000
22588.689603 28.000000
22611.370026 30.000000
22641.573382 32.000000
22673.355965 34.000000
22710.170566 28.000000
22731.487968 30.000000
22762.098746 32.000000
22793.427550 34.000000
22828.541685 28.000000
22850.756456 30.000000
22883.568805 32.000000
22915.845727 34.000000
22950.175873 28.000000
22970.959401 30.000000
23001.355518 32.000000
23032.279749 34.000000
23067.005365 28.000000
23087.023689 30.000000
23117.896270 32.000000
23149.087955 34.000000
23183.897390 28.000000
23203.995287 30.000000
23234.503001 32.000000
23266.238718 34.000000
23301.566938 28.000000
23321.962780 30.000000
23352.026499 32.000000
23383.491638 34.000000
23420.420642 28.000000
23443.108551 30.000000
23475.711731 32.000000
23507.524672 34.000000
23544.362733 28.000000
23565.088544 30.000000
23597.482969 32.000000
23627.645861 34.000000
23661.986560 28.000000
23684.416301 30.000000
23716.243186 32.000000
23749.214341 34.000000
23785.091251 28.000000
23806.161612 30.000000
23836.987202 32.000000
23868.600730 34.000000
23903.137214 28.000000
23925.562926 30.000000
23955.666816 32.000000
23988.520407 34.000000
24025.013067 28.000000
24047.790672 30.000000
24079.320971 32.000000
24110.492264 34.000000
24145.782010 28.000000
24166.907640 30.000000
24198.502696 32.000000
24230.379046 34.000000
24266.970859 28.000000
24287.568331 30.000000
24319.072575 32.000000
24350.310988 34.000000
24385.454786 28.000000
24406.065298 30.000000
24437.190453 32.000000
24468.148070 34.000000
24502.357990 28.000000
24524.419377 30.000000
24557.205912 32.000000
24587.924388 34.000000
24623.913186 28.000000
24644.841761 30.000000
24677.330504 32.000000
24708.820670 34.000000
24743.116939 28.000000
24765.289438 30.000000
24797.723395 32.000000
24829.246202 34.000000
24864.213647 28.000000
24886.467317 30.000000
24918.879525 32.000000
24951.735245 34.000000
24986.931931 28.000000
25008.881184 30.000000
25040.586246 32.000000
25071.809105 34.000000
25108.540712 28.000000
25130.001509 30.000000
25160.184360 32.000000
25191.802292 34.000000
25227.179213 28.000000
25248.220772 30.000000
25278.695990 32.000000
25310.798667 34.000000
25345.753701 28.000000
25366.918768 30.000000
25397.170231 32.000000
25430.123576 34.000000
25464.624245 28.000000
25486.812361 30.000000
25518.338723 32.000000
25550.756238 34.000000
25586.380792 28.000000
25607.005567 30.000000
25637.405751 32.000000
25667.863365 34.000000
25703.870052 28.000000
25725.287845 30.000000
25756.203004 32.000000
25787.597102 34.000000
25821.968483 28.000000
25844.455428 30.000000
25876.168987 32.000000
25906.833945 34.000000
25941.497116 28.000000
25963.811551 30.000000
25995.782091 32.000000
26027.252042 34.000000
26061.408957 28.000000
26083.261759 30.000000
26113.572898 32.000000
26145.441670 34.000000
26182.017331 28.000000
26204.355799 30.000000
26234.843728 32.000000
26265.911213 34.000000
26302.688727 28.000000
26324.515152 30.000000
26355.958180 32.000000
26386.733519 34.000000
26423.165364 28.000000
26445.508618 30.000000
26477.460473 32.000000
26508.054060 34.000000
26543.807455 28.000000
26566.383528 30.000000
26598.773975 32.000000
26630.885365 34.000000
26665.052910 28.000000
26686.286853 30.000000
26716.987400 32.000000
26748.698168 34.000000
26785.683139 28.000000
26807.696592 30.000000
26840.347958 32.000000
26871.729903 34.000000
26906.189109 28.000000
26927.274869 30.000000
26960.160106 32.000000
26992.006702 34.000000
27028.237726 28.000000
27049.654095 30.000000
27080.391095 32.000000
27112.974414 34.000000
27147.743998 28.000000
27170.222596 30.000000
27200.343065 32.000000
27233.301359 34.000000
27268.718049 28.000000
27289.066911 30.000000
27321.792230 32.000000
27353.850774 34.000000
27387.997399 28.000000
27409.744283 30.000000
27442.503615 32.000000
27472.754361 34.000000
27508.925149 28.000000
27531.566520 30.000000
27561.951315 32.000000
27592.315376 34.000000
27628.689994 28.000000
27650.618663 30.000000
27682.421733 32.000000
27714.807818 34.000000
27749.518233 28.000000
27770.628793 30.000000
27802.340438 32.000000
27834.250167 34.000000
27868.759685 28.000000
27889.357088 30.000000
27921.931981 32.000000
27953.620618 34.000000
27988.116451 28.000000
28009.985957 30.000000
28040.966278 32.000000
28073.707719 34.000000
28109.941392 28.000000
28131.083385 30.000000
28163.982801 32.000000
28194.174017 34.000000
28228.509785 28.000000
28249.169487 30.000000
28279.734656 32.000000
28312.340836 34.000000
28348.097113 28.000000
28370.747959 30.000000
28403.522277 32.000000
28434.709690 34.000000
28469.389649 28.000000
28491.050099 30.000000
28522.851466 32.000000
28555.722884 34.000000
28591.759219 28.000000
28614.361774 30.000000
28646.683732 32.000000
28677.980862 34.000000
28713.008126 28.000000
28734.450926 30.000000
28767.160133 32.000000
28798.556343 34.000000
28833.052520 28.000000
28853.946834 30.000000
28884.120393 32.000000
28916.591843 34.000000
28953.445165 28.000000
28974.493123 30.000000
29006.391730 32.000000
29038.971267 34.000000
29073.461965 28.000000
29095.203818 30.000000
29125.885749 32.000000
29157.787697 34.000000
29192.236518 28.000000
29215.109061 30.000000
29246.684280 32.000000
29278.666439 34.000000
29313.203137 28.000000
29334.670513 30.000000
29366.298335 32.000000
29398.934954 34.000000
29433.441449 28.000000
29456.092661 30.000000
29488.696311 32.000000
29521.529305 34.000000
29557.955142 28.000000
29578.195985 30.000000
29610.569106 32.000000
29643.336795 34.000000
29679.616146 28.000000
29700.255211 30.000000
29733.236922 32.000000
29764.550761 34.000000
29798.709762 28.000000
29818.806768 30.000000
29849.456710 32.000000
29882.227379 34.000000
29917.848047 28.000000
29940.762823 30.000000
29971.386559 32.000000
30004.360479 34.000000
30040.103155 28.000000
30062.450702 30.000000
30094.752709 32.000000
30126.678707 34.000000
30163.095238 28.000000
30185.863362 30.000000
30218.497550 32.000000
30250.424568 34.000000
30286.801038 28.000000
30307.360874 30.000000
30339.557525 32.000000
30372.471697 34.000000
30408.254245 28.000000
30428.482964 30.000000
30461.275291 32.000000
30493.083610 34.000000
30529.096676 28.000000
30550.869003 30.000000
30581.023768 32.000000
30611.699849 34.000000
30647.229506 28.000000
30669.114308 30.000000
30702.087889 32.000000
30732.667522 34.000000
30766.804497 28.000000
30788.035742 30.000000
30818.804897 32.000000
30850.802379 34.000000
30885.922907 28.000000
30908.628176 30.000000
30940.889680 32.000000
30971.156237 34.000000
31007.092594 28.000000
31028.483735 30.000000
31058.639561 32.000000
31089.956636 34.000000
31126.344954 28.000000
31148.831635 30.000000
31181.660989 32.000000
31211.860551 34.000000
31246.041638 28.000000
31267.957275 30.000000
31299.101742 32.000000
31330.470543 34.000000
31365.127900 28.000000
31387.425982 30.000000
31417.456470 32.000000
31448.484632 34.000000
31482.649805 28.000000
31505.613682 30.000000
31536.740957 32.000000
31568.758908 34.000000
31604.017047 28.000000
31626.634322 30.000000
31657.940270 32.000000
31689.823015 34.000000
31723.962618 28.000000
31744.157840 30.000000
31775.249679 32.000000
31806.257577 34.000000
31840.651335 28.000000
31862.620799 30.000000
31894.494511 32.000000
31925.067265 34.000000
31960.669748 28.000000
31980.680414 30.000000
32011.412672 32.000000
32042.814427 34.000000
32077.527224 28.000000
32100.381832 30.000000
32133.129607 32.000000
32164.018916 34.000000
32198.519269 28.000000
32221.430006 30.000000
32254.305442 32.000000
32286.990955 34.000000
32323.400502 28.000000
32343.708664 30.000000
32376.368959 32.000000
32407.026457 34.000000
32441.049364 28.000000
32463.006743 30.000000
32493.501353 32.000000
32525.789337 34.000000
32561.855327 28.000000
32582.018946 30.000000
32613.909496 32.000000
32645.315938 34.000000
32682.204814 28.000000
32702.482955 30.000000
32734.518346 32.000000
32766.323085 34.000000
32800.620352 28.000000
32822.686710 30.000000
32855.381610 32.000000
32885.630109 34.000000
32919.667339 28.000000
32941.218311 30.000000
32972.323636 32.000000
33003.247990 34.000000
33038.790704 28.000000
33061.738181 30.000000
33093.478087 32.000000
33124.019638 34.000000
33158.879193 28.000000
33180.066289 30.000000
33212.252579 32.000000
33245.106822 34.000000
33279.736915 28.000000
33300.944505 30.000000
33332.753120 32.000000
33363.753596 34.000000
33399.889094 28.000000
33422.678995 30.000000
33455.448588 32.000000
33487.530285 34.000000
33522.509601 28.000000
33544.537962 30.000000
33576.840870 32.000000
33609.651461 34.000000
33643.731977 28.000000
33663.869632 30.000000
33695.848121 32.000000
33725.948637 34.000000
33762.900684 28.000000
33785.303567 30.000000
33817.267429 32.000000
33847.479695 34.000000
33883.372694 28.000000
33905.588519 30.000000
33938.010656 32.000000
33968.467354 34.000000
34003.636836 28.000000
34026.014562 30.000000
34056.227426 32.000000
34086.616262 34.000000
34122.111598 28.000000
34144.470758 30.000000
34176.256143 32.000000
34208.638162 34.000000
34244.676874 28.000000
34265.872248 30.000000
34298.779524 32.000000
34331.049267 34.000000
34365.383345 28.000000
34385.494244 30.000000
34415.937927 32.000000
34447.170448 34.000000
34481.184607 28.000000
34503.714149 30.000000
34536.107804 32.000000
34568.584051 34.000000
34604.026741 28.000000
34624.105420 30.000000
34656.594784 32.000000
34688.797711 34.000000
34723.927392 28.000000
34744.181082 30.000000
34776.441654 32.000000
34807.747150 34.000000
34842.070426 28.000000
34862.527568 30.000000
34893.591522 32.000000
34924.810818 34.000000
34960.299394 28.000000
34981.580213 30.000000
35012.655134 32.000000
35044.342715 34.000000
35081.171529 28.000000
35101.205552 30.000000
35133.153458 32.000000
35163.988070 34.000000
35200.488471 28.000000
35221.820068 30.000000
35253.109295 32.000000
35285.838185 34.000000
35322.565335 28.000000
35344.268126 30.000000
35376.909871 32.000000
35407.823444 34.000000
35442.995830 28.000000
35465.092786 30.000000
35495.883784 32.000000
35526.340883 34.000000
35561.216370 28.000000
35582.453189 30.000000
35615.159398 32.000000
35647.190584 34.000000
35684.028423 28.000000
35706.958803 30.000000
35739.303094 32.000000
35770.278950 34.000000
35806.655020 28.000000
35829.352266 30.000000
35861.778073 32.000000
35892.822777 34.000000
35928.863649 28.000000
35951.615920 30.000000
35982.516111 32.000000
36014.702403 34.000000
36050.296751 28.000000
36072.955729 30.000000
36103.840047 32.000000
36135.504334 34.000000
36172.189037 28.000000
36192.649956 30.000000
36224.477104 32.000000
36255.963828 34.000000
36292.201952 28.000000
36313.954927 30.000000
36346.012761 32.000000
36376.912584 34.000000
36413.028722 28.000000
36434.417068 30.000000
36467.136886 32.000000
36497.445642 34.000000
36532.625742 28.000000
36553.366079 30.000000
36584.315040 32.000000
36616.649172 34.000000
36653.465511 28.000000
36674.787114 30.000000
36705.972523 32.000000
36737.443823 34.000000
36773.357705 28.000000
36793.634394 30.000000
36825.425414 32.000000
36857.866048 34.000000
36892.340587 28.000000
36914.190949 30.000000
36945.044481 32.000000
36975.045459 34.000000
37009.365842 28.000000
37030.114702 30.000000
37062.477361 32.000000
37094.955667 34.000000
37131.060325 28.000000
37153.497023 30.000000
37186.208593 32.000000
37218.404188 34.000000
37255.265671 28.000000
37275.590905 30.000000
37308.040990 32.000000
37340.786314 34.000000
37377.140443 28.000000
37398.890218 30.000000
37431.641607 32.000000
37463.958123 34.000000
37498.930619 28.000000
37519.776500 30.000000
37551.736834 32.000000
37584.111079 34.000000
37618.341836 28.000000
37639.493489 30.000000
37670.616016 32.000000
37701.464680 34.000000
37738.431533 28.000000
37759.735476 30.000000
37791.406252 32.000000
37822.863967 34.000000
37857.268205 28.000000
37878.011262 30.000000
37909.838426 32.000000
37940.308516 34.000000
37975.441159 28.000000
37998.225110 30.000000
38029.081597 32.000000
38061.984600 34.000000
38097.494960 28.000000
38117.893522 30.000000
38150.287696 32.000000
38181.163756 34.000000
38215.674580 28.000000
38236.476666 30.000000
38268.832329 32.000000
38298.919591 34.000000
38334.547339 28.000000
38355.377235 30.000000
38388.204814 32.000000
38418.752166 34.000000
38454.659947 28.000000
38477.124705 30.000000
38508.635915 32.000000
38541.399140 34.000000
38577.707795 28.000000
38600.591380 30.000000
38633.422570 32.000000
38664.461982 34.000000
38700.457751 28.000000
38721.207975 30.000000
38753.476192 32.000000
38786.014649 34.000000
38820.668779 28.000000
38843.019234 30.000000
38873.039972 32.000000
38903.797592 34.000000
38937.818300 28.000000
38960.742022 30.000000
38992.653090 32.000000
39022.855123 34.000000
39057.258878 28.000000
39080.223899 30.000000
39111.561991 32.000000
39142.340862 34.000000
39177.313835 28.000000
39199.692906 30.000000
39231.196708 32.000000
39261.933737 34.000000
39296.735424 28.000000
39319.642648 30.000000
39351.242710 32.000000
39381.867446 34.000000
39417.970439 28.000000
39439.947967 30.000000
39471.524651 32.000000
39502.017525 34.000000
39537.641331 28.000000
39560.549614 30.000000
39591.271552 32.000000
39622.988801 34.000000
39657.553616 28.000000
39677.980461 30.000000
39708.038666 32.000000
39740.235115 34.000000
39775.143372 28.000000
39796.228521 30.000000
39828.648419 32.000000
39858.813211 34.000000
39894.065174 28.000000
39916.048039 30.000000
39948.883207 32.000000
39980.610450 34.000000
40015.651382 28.000000
40035.734638 30.000000
40066.960378 32.000000
40097.482243 34.000000
40134.007913 28.000000
40156.729025 30.000000
40189.239020 32.000000
40221.908669 34.000000
40258.109372 28.000000
40280.417894 30.000000
40311.397075 32.000000
40343.298581 34.000000
40377.756430 28.000000
40398.096243 30.000000
40429.638111 32.000000
40461.217580 34.000000
40495.436995 28.000000
40517.394727 30.000000
40549.793414 32.000000
40581.164063 34.000000
40615.725873 28.000000
40638.158371 30.000000
40669.375458 32.000000
40702.235251 34.000000
40737.871553 28.000000
40758.095802 30.000000
40790.076017 32.000000
40821.451453 34.000000
40855.528473 28.000000
40877.406007 30.000000
40907.750374 32.000000
40938.721493 34.000000
40974.379805 28.000000
40997.082346 30.000000
41027.169270 32.000000
41059.975049 34.000000
41096.592641 28.000000
41118.229589 30.000000
41149.992053 32.000000
41181.894130 34.000000
41217.143394 28.000000
41238.447424 30.000000
41268.732781 32.000000
41299.188337 34.000000
41333.979376 28.000000
41356.222828 30.000000
41387.646280 32.000000
41419.343319 34.000000
41454.782520 28.000000
41476.634449 30.000000
41508.021606 32.000000
41538.245527 34.000000
41572.530207 28.000000
41595.243597 30.000000
41625.286281 32.000000
41655.468410 34.000000
41691.017409 28.000000
41711.951315 30.000000
41744.236653 32.000000
41776.787325 34.000000
41810.989565 28.000000
41833.628819 30.000000
41865.187993 32.000000
41895.979054 34.000000
41931.862145 28.000000
41952.862890 30.000000
41983.620029 32.000000
42014.831464 34.000000
42049.015689 28.000000
42071.718579 30.000000
42102.120761 32.000000
42132.587588 34.000000
42167.460897 28.000000
42189.507245 30.000000
42222.206640 32.000000
42254.319006 34.000000
42288.547619 28.000000
42311.309373 30.000000
42344.288484 32.000000
42376.095685 34.000000
42410.980712 28.000000
42433.476976 30.000000
42463.594017 32.000000
42493.604021 34.000000
42529.199095 28.000000
42550.439345 30.000000
42581.628974 32.000000
42614.334382 34.000000
42650.306677 28.000000
42673.159452 30.000000
42704.134882 32.000000
42736.990227 34.000000
42772.318448 28.000000
42794.730677 30.000000
42826.161032 32.000000
42856.787445 34.000000
42893.781936 28.000000
42914.340650 30.000000
42946.318331 32.000000
42977.439836 34.000000
43013.518562 28.000000
43034.647101 30.000000
43067.637744 32.000000
43098.882251 34.000000
43135.081021 28.000000
43156.775159 30.000000
43188.647205 32.000000
43219.351425 34.000000
43253.825018 28.000000
43275.731381 30.000000
43306.675478 32.000000
43337.514927 34.000000
43373.293466 28.000000
43395.018909 30.000000
43426.653162 32.000000
43458.045443 34.000000
43493.961789 28.000000
43515.741936 30.000000
43548.306112 32.000000
43579.972282 34.000000
43615.862954 28.000000
43636.913998 30.000000
43668.566576 32.000000
43699.847720 34.000000
43736.748816 28.000000
43757.742646 30.000000
43790.412730 32.000000
43822.371987 34.000000
43857.529172 28.000000
43878.670090 30.000000
43911.083792 32.000000
43942.507756 34.000000
43977.208450 28.000000
43998.879141 30.000000
44029.401204 32.000000
44062.257478 34.000000
44097.103667 28.000000
44117.795753 30.000000
44148.222389 32.000000
44180.933761 34.000000
44215.063388 28.000000
44235.574236 30.000000
44266.614249 32.000000
44298.886182 34.000000
44333.952741 28.000000
44355.326429 30.000000
44387.168063 32.000000
44419.163381 34.000000
44453.227575 28.000000
44474.944488 30.000000
44506.923339 32.000000
44539.262791 34.000000
44573.663154 28.000000
44596.628447 30.000000
44626.754564 32.000000
44659.597102 34.000000
44694.676058 28.000000
44716.155296 30.000000
44746.627154 32.000000
44778.529747 34.000000
44813.791034 28.000000
44834.607017 30.000000
44866.417945 32.000000
44899.101638 34.000000
44934.953098 28.000000
44954.983031 30.000000
44985.989467 32.000000
45017.608794 34.000000
45054.188217 28.000000
45075.487766 30.000000
45107.353853 32.000000
45139.175945 34.000000
45173.376470 28.000000
45194.955013 30.000000
45226.520660 32.000000
45257.361538 34.000000
45292.330186 28.000000
45312.449471 30.000000
45342.635927 32.000000
45375.244576 34.000000
45410.603415 28.000000
45433.202397 30.000000
45464.593725 32.000000
45495.945202 34.000000
45530.848072 28.000000
45553.586232 30.000000
45585.321035 32.000000
45616.070942 34.000000
45652.986718 28.000000
45674.720060 30.000000
45705.990635 32.000000
45737.594558 34.000000
45772.794647 28.000000
45793.150105 30.000000
45825.667210 32.000000
45857.465536 34.000000
45892.848932 28.000000
45913.835858 30.000000
45945.368333 32.000000
45976.309739 34.000000
46011.545958 28.000000
46032.763720 30.000000
46063.198246 32.000000
46093.845044 34.000000
46130.533812 28.000000
46152.228462 30.000000
46183.168368 32.000000
46213.324076 34.000000
46248.324600 28.000000
46270.504608 30.000000
46301.200268 32.000000
46333.030178 34.000000
46368.840807 28.000000
46391.598027 30.000000
46424.043727 32.000000
46455.259319 34.000000
46490.294063 28.000000
46511.980065 30.000000
46544.762548 32.000000
46577.541177 34.000000
46613.156287 28.000000
46633.450790 30.000000
46665.758005 32.000000
46696.285319 34.000000
46730.362879 28.000000
46751.936191 30.000000
46783.792149 32.000000
46814.176693 34.000000
46848.710294 28.000000
46871.123286 30.000000
46902.681830 32.000000
46932.834574 34.000000
46969.510507 28.000000
46991.910002 30.000000
47024.712520 32.000000
47055.475025 34.000000
47090.527145 28.000000
47110.832431 30.000000
47141.512047 32.000000
47173.247310 34.000000
47210.140954 28.000000
47231.709272 30.000000
47261.952465 32.000000
47294.128080 34.000000
47329.535359 28.000000
47351.819367 30.000000
47381.973738 32.000000
47413.107818 34.000000
47449.980915 28.000000
47470.563980 30.000000
47502.322868 32.000000
47532.822677 34.000000
47568.742236 28.000000
47591.142166 30.000000
47623.062184 32.000000
47653.401146 34.000000
47689.282009 28.000000
47711.572734 30.000000
47743.790190 32.000000
47776.110147 34.000000
47812.429347 28.000000
47835.151052 30.000000
47866.539536 32.000000
47897.865957 34.000000
47932.354850 28.000000
47953.430484 30.000000
47984.594023 32.000000
48017.372925 34.000000
48053.136111 28.000000
48075.613431 30.000000
48106.468958 32.000000
48137.385657 34.000000
