3 7.36
3 1183.01
3 2358.66
3 3534.31
3 4709.96
3 5885.61
3 7061.26
3 8236.91
3 9412.56
3 10588.21
3 11763.86
3 12939.51
3 14115.16
3 15290.81
3 16466.46
3 17642.11
3 18817.76
3 19993.41
3 21169.06
3 22344.71
3 23520.36
3 24696.01
3 25871.66
3 27047.31
3 28222.96
3 29398.61
3 30574.26
3 31749.91
3 32925.56
3 34101.21
3 35276.86
3 36452.51
3 37628.16
3 38803.81
3 39979.46
3 41155.11
3 42330.76
3 43506.41
3 44682.06
3 45857.71
3 47033.36
3 48209.01
3 49384.66
3 50560.31
3 51735.96
3 52911.61
3 54087.26
3 55262.91
3 56438.56
3 57614.21
3 58789.86
3 59965.51
3 61141.16
3 62316.81
3 63492.46
3 64668.11
3 65843.76
3 67019.41
3 68195.06
3 69370.71
3 70546.36
3 71722.01
3 72897.66
3 74073.31
3 75248.96
3 76424.61
3 77600.26
3 78775.91
3 79951.56
3 81127.21
3 82302.86
3 83478.51
3 84654.16
3 85829.81
3 87005.46
3 88181.11
3 89356.76
3 90532.41
3 91708.06
3 92883.71
3 94059.36
3 95235.01
3 96410.66
3 97586.31
3 98761.96
3 99937.61
3 101113.26
3 102288.91
3 103464.56
3 104640.21
3 105815.86
3 106991.51
3 108167.16
3 109342.81
3 110518.46
3 111694.11
3 112869.76
3 114045.41
3 115221.06
3 116396.71
