1 501.6
2 1396.8
3 2271.4
4 3324
1 4069.6
2 5131.1
3 5863.2
4 6765.2
1 7657
2 8553.5
3 9428.1
4 10480.7
1 11225.7
2 12123.3
3 12996.7
4 13907.5
1 14765.7
2 15665.4
3 16540.1
4 17592.5
1 18338.1
2 19399.6
3 20132.1
4 21184.5
1 21930.1
2 22828.2
3 23727.7
4 24624.1
1 25526.4
2 26427.8
3 27319.1
4 28217.2
1 29114
2 30169.2
3 30922.5
4 31883.6
1 32702.8
2 33608.4
3 34500.7
4 35398.8
1 36293.9
2 37194.7
3 38068.1
4 39050.3
1 39879.5
2 40767.1
3 41640.1
4 42548.9
1 43423.6
2 44321.7
3 45218.8
4 46127.5
1 47002.2
2 47903.6
3 48813.7
4 49691.7
1 50593.4
2 51498.9
3 52396.5
4 53300.3
1 54158.5
2 55062.7
3 55960.3
4 56861.1
1 57735.2
2 58631.7
3 59514.1
4 60417.9
1 61287.6
2 62183.1
3 63073
4 64142.4
1 64866.4
2 65766.4
3 66658.1
4 67724.8
1 68460.3
2 69355.8
3 70253.4
4 71145.5
1 72048
2 72939.8
3 73845
4 74739.1
1 75630.9
2 76536.4
3 77426.3
4 78408.5
1 79226.2
2 80125.4
3 81044.8
4 81924.5
1 82819
2 83720.9
3 84620.8
4 85528.9
1 86386.5
2 87288
3 88182.2
4 89230.5
1 89966
2 90854
3 91751.1
4 92653.1
1 93555.5
2 94441.5
3 95339.7
4 96248.4
1 97123.1
2 98018.4
3 98918
4 99819.8
1 100726.4
2 101612.9
3 102487.5
4 103469.9
1 104287
2 105187.4
3 106082.9
4 106960.9
1 107860.6
2 108733.8
3 109629.3
4 110590.4
1 111408.1
2 112304.8
3 113223.1
4 114101.1
1 115003.6
2 115895.4
3 116792.5
4 117845.9
1 118601.5
2 119497
3 120386.8
4 121297.8
1 122156
2 123050.7
3 123957
4 124860.8
1 125719
2 126613.7
3 127511.9
4 128413.9
1 129304.8
2 130369.4
3 131101.8
4 132002.8
1 132909.4
2 133800.7
3 134689.6
4 135591.4
1 136487.4
2 137383.9
3 138258.2
4 139158.3
1 140060.8
2 140951.1
3 141825.4
4 142727.1
1 143622.2
2 144518.5
3 145391.8
4 146291.1
1 147190.8
2 148068.8
3 148960.5
4 150010.2
1 150753.7
2 151819
3 152551.4
4 153621
1 154345
2 155405.1
3 156158.4
4 157048.1
1 157907.8
2 158803.1
3 159705.1
4 160601.5
1 161501.7
2 162411.1
3 163303
4 164211.1
1 165070.8
2 165972.2
3 166861.1
4 167769.8
1 168643
2 169703.1
3 170438
4 171417.5
1 172235.2
2 173136
3 174009
4 175079.4
1 175802.8
2 176702.7
3 177601.3
4 178583.5
