1 8.07
2 1252.35
3 2487.72
4 3663.39
1 4979.66
2 6195.25
3 7445.38
4 8528.4
1 9784.8
2 10999.53
3 12231.08
4 13372.45
1 14626.53
2 15766.79
3 17020.48
4 18164.99
1 19340.76
2 20492.04
3 21748.49
4 22960.98
1 24246.08
2 25481.42
3 26828.52
4 27992.78
1 29294.17
2 30518.54
3 31663.44
4 33121.97
1 34493.24
2 35982.94
3 37238.26
4 38418.33
1 39669.83
2 40914.11
3 42149.48
4 43325.15
1 44641.42
2 45857.01
3 47107.14
4 48190.16
1 49446.56
2 50661.29
3 51892.84
4 53034.21
1 54288.29
2 55428.55
3 56682.24
4 57826.75
1 59002.52
2 60153.8
3 61410.25
4 62622.74
1 63907.84
2 65143.18
3 66490.28
4 67654.54
1 68955.93
2 70180.3
3 71325.2
4 72783.73
1 74155
2 75644.7
3 76900.02
4 78080.09
1 79331.59
2 80575.87
3 81811.24
4 82986.91
1 84303.18
2 85518.77
3 86768.9
4 87851.92
1 89108.32
2 90323.05
3 91554.6
4 92695.97
1 93950.05
2 95090.31
3 96344
4 97488.51
1 98664.28
2 99815.56
3 101072.01
4 102284.5
1 103569.6
2 104804.94
3 106152.04
4 107316.3
1 108617.69
2 109842.06
3 110986.96
4 112445.49
1 113816.76
2 115306.46
3 116561.78
4 117741.85
1 118993.35
2 120237.63
3 121473
4 122648.67
1 123964.94
2 125180.53
3 126430.66
4 127513.68
1 128770.08
2 129984.81
3 131216.36
4 132357.73
1 133611.81
2 134752.07
3 136005.76
4 137150.27
1 138326.04
2 139477.32
3 140733.77
4 141946.26
1 143231.36
2 144466.7
3 145813.8
4 146978.06
1 148279.45
2 149503.82
3 150648.72
4 152107.25
1 153478.52
2 154968.22
3 156223.54
4 157403.61
1 158655.11
2 159899.39
3 161134.76
4 162310.43
1 163626.7
2 164842.29
3 166092.42
4 167175.44
1 168431.84
2 169646.57
3 170878.12
4 172019.49
1 173273.57
2 174413.83
3 175667.52
4 176812.03
1 177987.8
2 179139.08
3 180395.53
4 181608.02
1 182893.12
2 184128.46
3 185475.56
4 186639.82
1 187941.21
2 189165.58
3 190310.48
4 191769.01
1 193140.28
2 194629.98
3 195885.3
4 197065.37
1 198316.87
2 199561.15
3 200796.52
4 201972.19
1 203288.46
2 204504.05
3 205754.18
4 206837.2
1 208093.6
2 209308.33
3 210539.88
4 211681.25
1 212935.33
2 214075.59
3 215329.28
4 216473.79
1 217649.56
2 218800.84
3 220057.29
4 221269.78
1 222554.88
2 223790.22
3 225137.32
4 226301.58
1 227602.97
2 228827.34
3 229972.24
4 231430.77
1 232802.04
2 234291.74
3 235547.06
4 236727.13
1 237978.63
2 239222.91
3 240458.28
4 241633.95
1 242950.22
2 244165.81
3 245415.94
4 246498.96
1 247755.36
2 248970.09
3 250201.64
4 251343.01
1 252597.09
2 253737.35
3 254991.04
4 256135.55
1 257311.32
2 258462.6
3 259719.05
4 260931.54
1 262216.64
2 263451.98
3 264799.08
4 265963.34
1 267264.73
2 268489.1
3 269634
4 271092.53
1 272463.8
2 273953.5
3 275208.82
4 276388.89
1 277640.39
2 278884.67
3 280120.04
4 281295.71
1 282611.98
2 283827.57
3 285077.7
4 286160.72
1 287417.12
2 288631.85
3 289863.4
4 291004.77
1 292258.85
2 293399.11
3 294652.8
4 295797.31
1 296973.08
2 298124.36
3 299380.81
4 300593.3
1 301878.4
2 303113.74
3 304460.84
4 305625.1
1 306926.49
2 308150.86
3 309295.76
4 310754.29
1 312125.56
2 313615.26
3 314870.58
4 316050.65
1 317302.15
2 318546.43
3 319781.8
4 320957.47
1 322273.74
2 323489.33
3 324739.46
4 325822.48
1 327078.88
2 328293.61
3 329525.16
4 330666.53
1 331920.61
2 333060.87
3 334314.56
4 335459.07
1 336634.84
2 337786.12
3 339042.57
4 340255.06
1 341540.16
2 342775.5
3 344122.6
4 345286.86
1 346588.25
2 347812.62
3 348957.52
4 350416.05
1 351787.32
2 353277.02
3 354532.34
4 355712.41
1 356963.91
2 358208.19
3 359443.56
4 360619.23
1 361935.5
2 363151.09
3 364401.22
4 365484.24
1 366740.64
2 367955.37
3 369186.92
4 370328.29
1 371582.37
2 372722.63
3 373976.32
4 375120.83
1 376296.6
2 377447.88
3 378704.33
4 379916.82
1 381201.92
2 382437.26
3 383784.36
4 384948.62
1 386250.01
2 387474.38
3 388619.28
4 390077.81
1 391449.08
2 392938.78
3 394194.1
4 395374.17
1 396625.67
2 397869.95
3 399105.32
4 400280.99
1 401597.26
2 402812.85
3 404062.98
4 405146
1 406402.4
2 407617.13
3 408848.68
4 409990.05
1 411244.13
2 412384.39
3 413638.08
4 414782.59
1 415958.36
2 417109.64
3 418366.09
4 419578.58
1 420863.68
2 422099.02
3 423446.12
4 424610.38
1 425911.77
2 427136.14
3 428281.04
4 429739.57
1 431110.84
2 432600.54
3 433855.86
4 435035.93
1 436287.43
2 437531.71
3 438767.08
4 439942.75
1 441259.02
2 442474.61
3 443724.74
4 444807.76
1 446064.16
2 447278.89
3 448510.44
4 449651.81
1 450905.89
2 452046.15
3 453299.84
4 454444.35
1 455620.12
2 456771.4
3 458027.85
4 459240.34
1 460525.44
2 461760.78
3 463107.88
4 464272.14
1 465573.53
2 466797.9
3 467942.8
4 469401.33
1 470772.6
2 472262.3
3 473517.62
4 474697.69
1 475949.19
2 477193.47
3 478428.84
4 479604.51
1 480920.78
2 482136.37
3 483386.5
4 484469.52
1 485725.92
2 486940.65
3 488172.2
4 489313.57
1 490567.65
2 491707.91
3 492961.6
4 494106.11
1 495281.88
2 496433.16
3 497689.61
4 498902.1
1 500187.2
2 501422.54
3 502769.64
4 503933.9
1 505235.29
2 506459.66
3 507604.56
4 509063.09
1 510434.36
2 511924.06
3 513179.38
4 514359.45
1 515610.95
2 516855.23
3 518090.6
4 519266.27
1 520582.54
2 521798.13
3 523048.26
4 524131.28
1 525387.68
2 526602.41
3 527833.96
4 528975.33
1 530229.41
2 531369.67
3 532623.36
4 533767.87
1 534943.64
2 536094.92
3 537351.37
4 538563.86
1 539848.96
2 541084.3
3 542431.4
4 543595.66
1 544897.05
2 546121.42
3 547266.32
4 548724.85
1 550096.12
2 551585.82
3 552841.14
4 554021.21
1 555272.71
2 556516.99
3 557752.36
4 558928.03
1 560244.3
2 561459.89
3 562710.02
4 563793.04
1 565049.44
2 566264.17
3 567495.72
4 568637.09
1 569891.17
2 571031.43
3 572285.12
4 573429.63
1 574605.4
2 575756.68
3 577013.13
4 578225.62
1 579510.72
2 580746.06
3 582093.16
4 583257.42
1 584558.81
2 585783.18
3 586928.08
4 588386.61
1 589757.88
2 591247.58
3 592502.9
4 593682.97
1 594934.47
2 596178.75
3 597414.12
4 598589.79
1 599906.06
2 601121.65
3 602371.78
4 603454.8
1 604711.2
2 605925.93
3 607157.48
4 608298.85
1 609552.93
2 610693.19
3 611946.88
4 613091.39
1 614267.16
2 615418.44
3 616674.89
4 617887.38
1 619172.48
2 620407.82
3 621754.92
4 622919.18
1 624220.57
2 625444.94
3 626589.84
4 628048.37
1 629419.64
2 630909.34
3 632164.66
4 633344.73
1 634596.23
2 635840.51
3 637075.88
4 638251.55
1 639567.82
2 640783.41
3 642033.54
4 643116.56
1 644372.96
2 645587.69
3 646819.24
4 647960.61
1 649214.69
2 650354.95
3 651608.64
4 652753.15
1 653928.92
2 655080.2
3 656336.65
4 657549.14
1 658834.24
2 660069.58
3 661416.68
4 662580.94
1 663882.33
2 665106.7
3 666251.6
4 667710.13
1 669081.4
2 670571.1
3 671826.42
4 673006.49
1 674257.99
2 675502.27
3 676737.64
4 677913.31
1 679229.58
2 680445.17
3 681695.3
4 682778.32
1 684034.72
2 685249.45
3 686481
4 687622.37
1 688876.45
2 690016.71
3 691270.4
4 692414.91
1 693590.68
2 694741.96
3 695998.41
4 697210.9
1 698496
2 699731.34
3 701078.44
4 702242.7
1 703544.09
2 704768.46
3 705913.36
4 707371.89
1 708743.16
2 710232.86
3 711488.18
4 712668.25
1 713919.75
2 715164.03
3 716399.4
4 717575.07
1 718891.34
2 720106.93
3 721357.06
4 722440.08
1 723696.48
2 724911.21
3 726142.76
4 727284.13
1 728538.21
2 729678.47
3 730932.16
4 732076.67
1 733252.44
2 734403.72
3 735660.17
4 736872.66
1 738157.76
2 739393.1
3 740740.2
4 741904.46
1 743205.85
2 744430.22
3 745575.12
4 747033.65
1 748404.92
2 749894.62
3 751149.94
4 752330.01
1 753581.51
2 754825.79
3 756061.16
4 757236.83
1 758553.1
2 759768.69
3 761018.82
4 762101.84
1 763358.24
2 764572.97
3 765804.52
4 766945.89
1 768199.97
2 769340.23
3 770593.92
4 771738.43
1 772914.2
2 774065.48
3 775321.93
4 776534.42
1 777819.52
2 779054.86
3 780401.96
4 781566.22
1 782867.61
2 784091.98
3 785236.88
4 786695.41
1 788066.68
2 789556.38
3 790811.7
4 791991.77
1 793243.27
2 794487.55
3 795722.92
4 796898.59
1 798214.86
2 799430.45
3 800680.58
4 801763.6
1 803020
2 804234.73
3 805466.28
4 806607.65
1 807861.73
2 809001.99
3 810255.68
4 811400.19
1 812575.96
2 813727.24
3 814983.69
4 816196.18
1 817481.28
2 818716.62
3 820063.72
4 821227.98
1 822529.37
2 823753.74
3 824898.64
4 826357.17
1 827728.44
2 829218.14
3 830473.46
4 831653.53
1 832905.03
2 834149.31
3 835384.68
4 836560.35
1 837876.62
2 839092.21
3 840342.34
4 841425.36
1 842681.76
2 843896.49
3 845128.04
4 846269.41
1 847523.49
2 848663.75
3 849917.44
4 851061.95
1 852237.72
2 853389
3 854645.45
4 855857.94
1 857143.04
2 858378.38
3 859725.48
4 860889.74
1 862191.13
2 863415.5
3 864560.4
4 866018.93
1 867390.2
2 868879.9
3 870135.22
4 871315.29
1 872566.79
2 873811.07
3 875046.44
4 876222.11
1 877538.38
2 878753.97
3 880004.1
4 881087.12
1 882343.52
2 883558.25
3 884789.8
4 885931.17
1 887185.25
2 888325.51
3 889579.2
4 890723.71
1 891899.48
2 893050.76
3 894307.21
4 895519.7
1 896804.8
2 898040.14
3 899387.24
4 900551.5
1 901852.89
2 903077.26
3 904222.16
4 905680.69
1 907051.96
2 908541.66
3 909796.98
4 910977.05
1 912228.55
2 913472.83
3 914708.2
4 915883.87
1 917200.14
2 918415.73
3 919665.86
4 920748.88
1 922005.28
2 923220.01
3 924451.56
4 925592.93
1 926847.01
2 927987.27
3 929240.96
4 930385.47
1 931561.24
2 932712.52
3 933968.97
4 935181.46
1 936466.56
2 937701.9
3 939049
4 940213.26
1 941514.65
2 942739.02
3 943883.92
4 945342.45
1 946713.72
2 948203.42
3 949458.74
4 950638.81
1 951890.31
2 953134.59
3 954369.96
4 955545.63
1 956861.9
2 958077.49
3 959327.62
4 960410.64
1 961667.04
2 962881.77
3 964113.32
4 965254.69
1 966508.77
2 967649.03
3 968902.72
4 970047.23
1 971223
2 972374.28
3 973630.73
4 974843.22
1 976128.32
2 977363.66
3 978710.76
4 979875.02
1 981176.41
2 982400.78
3 983545.68
4 985004.21
1 986375.48
2 987865.18
3 989120.5
4 990300.57
1 991552.07
2 992796.35
3 994031.72
4 995207.39
1 996523.66
2 997739.25
3 998989.38
4 1000072.4
1 1001328.8
2 1002543.53
3 1003775.08
4 1004916.45
1 1006170.53
2 1007310.79
3 1008564.48
4 1009708.99
1 1010884.76
2 1012036.04
3 1013292.49
4 1014504.98
1 1015790.08
2 1017025.42
3 1018372.52
4 1019536.78
1 1020838.17
2 1022062.54
3 1023207.44
4 1024665.97
1 1026037.24
2 1027526.94
3 1028782.26
4 1029962.33
1 1031213.83
2 1032458.11
3 1033693.48
4 1034869.15
1 1036185.42
2 1037401.01
3 1038651.14
4 1039734.16
1 1040990.56
2 1042205.29
3 1043436.84
4 1044578.21
1 1045832.29
2 1046972.55
3 1048226.24
4 1049370.75
1 1050546.52
2 1051697.8
3 1052954.25
4 1054166.74
1 1055451.84
2 1056687.18
3 1058034.28
4 1059198.54
1 1060499.93
2 1061724.3
3 1062869.2
4 1064327.73
1 1065699
2 1067188.7
3 1068444.02
4 1069624.09
1 1070875.59
2 1072119.87
3 1073355.24
4 1074530.91
1 1075847.18
2 1077062.77
3 1078312.9
4 1079395.92
1 1080652.32
2 1081867.05
3 1083098.6
4 1084239.97
1 1085494.05
2 1086634.31
3 1087888
4 1089032.51
1 1090208.28
2 1091359.56
3 1092616.01
4 1093828.5
1 1095113.6
2 1096348.94
3 1097696.04
4 1098860.3
1 1100161.69
2 1101386.06
3 1102530.96
4 1103989.49
1 1105360.76
2 1106850.46
3 1108105.78
4 1109285.85
1 1110537.35
2 1111781.63
3 1113017
4 1114192.67
1 1115508.94
2 1116724.53
3 1117974.66
4 1119057.68
1 1120314.08
2 1121528.81
3 1122760.36
4 1123901.73
1 1125155.81
2 1126296.07
3 1127549.76
4 1128694.27
1 1129870.04
2 1131021.32
3 1132277.77
4 1133490.26
1 1134775.36
2 1136010.7
3 1137357.8
4 1138522.06
1 1139823.45
2 1141047.82
3 1142192.72
4 1143651.25
1 1145022.52
2 1146512.22
3 1147767.54
4 1148947.61
1 1150199.11
2 1151443.39
3 1152678.76
4 1153854.43
1 1155170.7
2 1156386.29
3 1157636.42
4 1158719.44
1 1159975.84
2 1161190.57
3 1162422.12
4 1163563.49
1 1164817.57
2 1165957.83
3 1167211.52
4 1168356.03
1 1169531.8
2 1170683.08
3 1171939.53
4 1173152.02
1 1174437.12
2 1175672.46
3 1177019.56
4 1178183.82
1 1179485.21
2 1180709.58
3 1181854.48
4 1183313.01
1 1184684.28
2 1186173.98
3 1187429.3
4 1188609.37
1 1189860.87
2 1191105.15
3 1192340.52
4 1193516.19
1 1194832.46
2 1196048.05
3 1197298.18
4 1198381.2
1 1199637.6
2 1200852.33
3 1202083.88
4 1203225.25
1 1204479.33
2 1205619.59
3 1206873.28
4 1208017.79
1 1209193.56
2 1210344.84
3 1211601.29
4 1212813.78
1 1214098.88
2 1215334.22
3 1216681.32
4 1217845.58
1 1219146.97
2 1220371.34
3 1221516.24
4 1222974.77
1 1224346.04
2 1225835.74
3 1227091.06
4 1228271.13
1 1229522.63
2 1230766.91
3 1232002.28
4 1233177.95
1 1234494.22
2 1235709.81
3 1236959.94
4 1238042.96
1 1239299.36
2 1240514.09
3 1241745.64
4 1242887.01
1 1244141.09
2 1245281.35
3 1246535.04
4 1247679.55
1 1248855.32
2 1250006.6
3 1251263.05
4 1252475.54
1 1253760.64
2 1254995.98
3 1256343.08
4 1257507.34
1 1258808.73
2 1260033.1
3 1261178
4 1262636.53
1 1264007.8
2 1265497.5
3 1266752.82
4 1267932.89
1 1269184.39
2 1270428.67
3 1271664.04
4 1272839.71
1 1274155.98
2 1275371.57
3 1276621.7
4 1277704.72
1 1278961.12
2 1280175.85
3 1281407.4
4 1282548.77
1 1283802.85
2 1284943.11
3 1286196.8
4 1287341.31
1 1288517.08
2 1289668.36
3 1290924.81
4 1292137.3
1 1293422.4
2 1294657.74
3 1296004.84
4 1297169.1
1 1298470.49
2 1299694.86
3 1300839.76
4 1302298.29
1 1303669.56
2 1305159.26
3 1306414.58
4 1307594.65
1 1308846.15
2 1310090.43
3 1311325.8
4 1312501.47
1 1313817.74
2 1315033.33
3 1316283.46
4 1317366.48
1 1318622.88
2 1319837.61
3 1321069.16
4 1322210.53
1 1323464.61
2 1324604.87
3 1325858.56
4 1327003.07
1 1328178.84
2 1329330.12
3 1330586.57
4 1331799.06
1 1333084.16
2 1334319.5
3 1335666.6
4 1336830.86
1 1338132.25
2 1339356.62
3 1340501.52
4 1341960.05
1 1343331.32
2 1344821.02
3 1346076.34
4 1347256.41
1 1348507.91
2 1349752.19
3 1350987.56
4 1352163.23
1 1353479.5
2 1354695.09
3 1355945.22
4 1357028.24
1 1358284.64
2 1359499.37
3 1360730.92
4 1361872.29
1 1363126.37
2 1364266.63
3 1365520.32
4 1366664.83
1 1367840.6
2 1368991.88
3 1370248.33
4 1371460.82
1 1372745.92
2 1373981.26
3 1375328.36
4 1376492.62
1 1377794.01
2 1379018.38
3 1380163.28
4 1381621.81
1 1382993.08
2 1384482.78
3 1385738.1
4 1386918.17
1 1388169.67
2 1389413.95
3 1390649.32
4 1391824.99
1 1393141.26
2 1394356.85
3 1395606.98
4 1396690
1 1397946.4
2 1399161.13
3 1400392.68
4 1401534.05
1 1402788.13
2 1403928.39
3 1405182.08
4 1406326.59
1 1407502.36
2 1408653.64
3 1409910.09
4 1411122.58
1 1412407.68
2 1413643.02
3 1414990.12
4 1416154.38
1 1417455.77
2 1418680.14
3 1419825.04
4 1421283.57
1 1422654.84
2 1424144.54
3 1425399.86
4 1426579.93
1 1427831.43
2 1429075.71
3 1430311.08
4 1431486.75
1 1432803.02
2 1434018.61
3 1435268.74
4 1436351.76
1 1437608.16
2 1438822.89
3 1440054.44
4 1441195.81
1 1442449.89
2 1443590.15
3 1444843.84
4 1445988.35
1 1447164.12
2 1448315.4
3 1449571.85
4 1450784.34
1 1452069.44
2 1453304.78
3 1454651.88
4 1455816.14
1 1457117.53
2 1458341.9
3 1459486.8
4 1460945.33
1 1462316.6
2 1463806.3
3 1465061.62
4 1466241.69
1 1467493.19
2 1468737.47
3 1469972.84
4 1471148.51
1 1472464.78
2 1473680.37
3 1474930.5
4 1476013.52
1 1477269.92
2 1478484.65
3 1479716.2
4 1480857.57
1 1482111.65
2 1483251.91
3 1484505.6
4 1485650.11
1 1486825.88
2 1487977.16
3 1489233.61
4 1490446.1
1 1491731.2
2 1492966.54
3 1494313.64
4 1495477.9
1 1496779.29
2 1498003.66
3 1499148.56
4 1500607.09
1 1501978.36
2 1503468.06
3 1504723.38
4 1505903.45
1 1507154.95
2 1508399.23
3 1509634.6
4 1510810.27
1 1512126.54
2 1513342.13
3 1514592.26
4 1515675.28
1 1516931.68
2 1518146.41
3 1519377.96
4 1520519.33
1 1521773.41
2 1522913.67
3 1524167.36
4 1525311.87
1 1526487.64
2 1527638.92
3 1528895.37
4 1530107.86
1 1531392.96
2 1532628.3
3 1533975.4
4 1535139.66
1 1536441.05
2 1537665.42
3 1538810.32
4 1540268.85
1 1541640.12
2 1543129.82
3 1544385.14
4 1545565.21
1 1546816.71
2 1548060.99
3 1549296.36
4 1550472.03
1 1551788.3
2 1553003.89
3 1554254.02
4 1555337.04
1 1556593.44
2 1557808.17
3 1559039.72
4 1560181.09
1 1561435.17
2 1562575.43
3 1563829.12
4 1564973.63
1 1566149.4
2 1567300.68
3 1568557.13
4 1569769.62
1 1571054.72
2 1572290.06
3 1573637.16
4 1574801.42
1 1576102.81
2 1577327.18
3 1578472.08
4 1579930.61
1 1581301.88
2 1582791.58
3 1584046.9
4 1585226.97
1 1586478.47
2 1587722.75
3 1588958.12
4 1590133.79
1 1591450.06
2 1592665.65
3 1593915.78
4 1594998.8
1 1596255.2
2 1597469.93
3 1598701.48
4 1599842.85
1 1601096.93
2 1602237.19
3 1603490.88
4 1604635.39
1 1605811.16
2 1606962.44
3 1608218.89
4 1609431.38
1 1610716.48
2 1611951.82
3 1613298.92
4 1614463.18
1 1615764.57
2 1616988.94
3 1618133.84
4 1619592.37
1 1620963.64
2 1622453.34
3 1623708.66
4 1624888.73
1 1626140.23
2 1627384.51
3 1628619.88
4 1629795.55
1 1631111.82
2 1632327.41
3 1633577.54
4 1634660.56
1 1635916.96
2 1637131.69
3 1638363.24
4 1639504.61
1 1640758.69
2 1641898.95
3 1643152.64
4 1644297.15
1 1645472.92
2 1646624.2
3 1647880.65
4 1649093.14
1 1650378.24
2 1651613.58
3 1652960.68
4 1654124.94
1 1655426.33
2 1656650.7
3 1657795.6
4 1659254.13
1 1660625.4
2 1662115.1
3 1663370.42
4 1664550.49
1 1665801.99
2 1667046.27
3 1668281.64
4 1669457.31
1 1670773.58
2 1671989.17
3 1673239.3
4 1674322.32
1 1675578.72
2 1676793.45
3 1678025
4 1679166.37
1 1680420.45
2 1681560.71
3 1682814.4
4 1683958.91
1 1685134.68
2 1686285.96
3 1687542.41
4 1688754.9
1 1690040
2 1691275.34
3 1692622.44
4 1693786.7
1 1695088.09
2 1696312.46
3 1697457.36
4 1698915.89
1 1700287.16
2 1701776.86
3 1703032.18
4 1704212.25
1 1705463.75
2 1706708.03
3 1707943.4
4 1709119.07
1 1710435.34
2 1711650.93
3 1712901.06
4 1713984.08
1 1715240.48
2 1716455.21
3 1717686.76
4 1718828.13
1 1720082.21
2 1721222.47
3 1722476.16
4 1723620.67
1 1724796.44
2 1725947.72
3 1727204.17
4 1728416.66
1 1729701.76
2 1730937.1
3 1732284.2
4 1733448.46
1 1734749.85
2 1735974.22
3 1737119.12
4 1738577.65
1 1739948.92
2 1741438.62
3 1742693.94
4 1743874.01
1 1745125.51
2 1746369.79
3 1747605.16
4 1748780.83
1 1750097.1
2 1751312.69
3 1752562.82
4 1753645.84
1 1754902.24
2 1756116.97
3 1757348.52
4 1758489.89
1 1759743.97
2 1760884.23
3 1762137.92
4 1763282.43
1 1764458.2
2 1765609.48
3 1766865.93
4 1768078.42
1 1769363.52
2 1770598.86
3 1771945.96
4 1773110.22
1 1774411.61
2 1775635.98
3 1776780.88
4 1778239.41
1 1779610.68
2 1781100.38
3 1782355.7
4 1783535.77
1 1784787.27
2 1786031.55
3 1787266.92
4 1788442.59
1 1789758.86
2 1790974.45
3 1792224.58
4 1793307.6
1 1794564
2 1795778.73
3 1797010.28
4 1798151.65
1 1799405.73
2 1800545.99
3 1801799.68
4 1802944.19
1 1804119.96
2 1805271.24
3 1806527.69
4 1807740.18
1 1809025.28
2 1810260.62
3 1811607.72
4 1812771.98
1 1814073.37
2 1815297.74
3 1816442.64
4 1817901.17
1 1819272.44
2 1820762.14
3 1822017.46
4 1823197.53
1 1824449.03
2 1825693.31
3 1826928.68
4 1828104.35
1 1829420.62
2 1830636.21
3 1831886.34
4 1832969.36
1 1834225.76
2 1835440.49
3 1836672.04
4 1837813.41
1 1839067.49
2 1840207.75
3 1841461.44
4 1842605.95
1 1843781.72
2 1844933
3 1846189.45
4 1847401.94
1 1848687.04
2 1849922.38
3 1851269.48
4 1852433.74
1 1853735.13
2 1854959.5
3 1856104.4
4 1857562.93
1 1858934.2
2 1860423.9
3 1861679.22
4 1862859.29
1 1864110.79
2 1865355.07
3 1866590.44
4 1867766.11
1 1869082.38
2 1870297.97
3 1871548.1
4 1872631.12
1 1873887.52
2 1875102.25
3 1876333.8
4 1877475.17
1 1878729.25
2 1879869.51
3 1881123.2
4 1882267.71
1 1883443.48
2 1884594.76
3 1885851.21
4 1887063.7
1 1888348.8
2 1889584.14
3 1890931.24
4 1892095.5
1 1893396.89
2 1894621.26
3 1895766.16
4 1897224.69
1 1898595.96
2 1900085.66
3 1901340.98
4 1902521.05
1 1903772.55
2 1905016.83
3 1906252.2
4 1907427.87
1 1908744.14
2 1909959.73
3 1911209.86
4 1912292.88
1 1913549.28
2 1914764.01
3 1915995.56
4 1917136.93
1 1918391.01
2 1919531.27
3 1920784.96
4 1921929.47
1 1923105.24
2 1924256.52
3 1925512.97
4 1926725.46
1 1928010.56
2 1929245.9
3 1930593
4 1931757.26
1 1933058.65
2 1934283.02
3 1935427.92
4 1936886.45
1 1938257.72
2 1939747.42
3 1941002.74
4 1942182.81
1 1943434.31
2 1944678.59
3 1945913.96
4 1947089.63
1 1948405.9
2 1949621.49
3 1950871.62
4 1951954.64
1 1953211.04
2 1954425.77
3 1955657.32
4 1956798.69
1 1958052.77
2 1959193.03
3 1960446.72
4 1961591.23
1 1962767
2 1963918.28
3 1965174.73
4 1966387.22
1 1967672.32
2 1968907.66
3 1970254.76
4 1971419.02
1 1972720.41
2 1973944.78
3 1975089.68
4 1976548.21
1 1977919.48
2 1979409.18
3 1980664.5
4 1981844.57
1 1983096.07
2 1984340.35
3 1985575.72
4 1986751.39
1 1988067.66
2 1989283.25
3 1990533.38
4 1991616.4
1 1992872.8
2 1994087.53
3 1995319.08
4 1996460.45
1 1997714.53
2 1998854.79
3 2000108.48
4 2001252.99
1 2002428.76
2 2003580.04
3 2004836.49
4 2006048.98
1 2007334.08
2 2008569.42
3 2009916.52
4 2011080.78
1 2012382.17
2 2013606.54
3 2014751.44
4 2016209.97
1 2017581.24
2 2019070.94
3 2020326.26
4 2021506.33
1 2022757.83
2 2024002.11
3 2025237.48
4 2026413.15
1 2027729.42
2 2028945.01
3 2030195.14
4 2031278.16
1 2032534.56
2 2033749.29
3 2034980.84
4 2036122.21
1 2037376.29
2 2038516.55
3 2039770.24
4 2040914.75
1 2042090.52
2 2043241.8
3 2044498.25
4 2045710.74
1 2046995.84
2 2048231.18
3 2049578.28
4 2050742.54
1 2052043.93
2 2053268.3
3 2054413.2
4 2055871.73
1 2057243
2 2058732.7
3 2059988.02
4 2061168.09
1 2062419.59
2 2063663.87
3 2064899.24
4 2066074.91
1 2067391.18
2 2068606.77
3 2069856.9
4 2070939.92
1 2072196.32
2 2073411.05
3 2074642.6
4 2075783.97
1 2077038.05
2 2078178.31
3 2079432
4 2080576.51
1 2081752.28
2 2082903.56
3 2084160.01
4 2085372.5
1 2086657.6
2 2087892.94
3 2089240.04
4 2090404.3
1 2091705.69
2 2092930.06
3 2094074.96
4 2095533.49
1 2096904.76
2 2098394.46
3 2099649.78
4 2100829.85
1 2102081.35
2 2103325.63
3 2104561
4 2105736.67
1 2107052.94
2 2108268.53
3 2109518.66
4 2110601.68
1 2111858.08
2 2113072.81
3 2114304.36
4 2115445.73
1 2116699.81
2 2117840.07
3 2119093.76
4 2120238.27
1 2121414.04
2 2122565.32
3 2123821.77
4 2125034.26
1 2126319.36
2 2127554.7
3 2128901.8
4 2130066.06
1 2131367.45
2 2132591.82
3 2133736.72
4 2135195.25
1 2136566.52
2 2138056.22
3 2139311.54
4 2140491.61
1 2141743.11
2 2142987.39
3 2144222.76
4 2145398.43
1 2146714.7
2 2147930.29
3 2149180.42
4 2150263.44
1 2151519.84
2 2152734.57
3 2153966.12
4 2155107.49
1 2156361.57
2 2157501.83
3 2158755.52
4 2159900.03
1 2161075.8
2 2162227.08
3 2163483.53
4 2164696.02
1 2165981.12
2 2167216.46
3 2168563.56
4 2169727.82
1 2171029.21
2 2172253.58
3 2173398.48
4 2174857.01
1 2176228.28
2 2177717.98
3 2178973.3
4 2180153.37
1 2181404.87
2 2182649.15
3 2183884.52
4 2185060.19
1 2186376.46
2 2187592.05
3 2188842.18
4 2189925.2
1 2191181.6
2 2192396.33
3 2193627.88
4 2194769.25
1 2196023.33
2 2197163.59
3 2198417.28
4 2199561.79
1 2200737.56
2 2201888.84
3 2203145.29
4 2204357.78
1 2205642.88
2 2206878.22
3 2208225.32
4 2209389.58
1 2210690.97
2 2211915.34
3 2213060.24
4 2214518.77
1 2215890.04
2 2217379.74
3 2218635.06
4 2219815.13
1 2221066.63
2 2222310.91
3 2223546.28
4 2224721.95
1 2226038.22
2 2227253.81
3 2228503.94
4 2229586.96
1 2230843.36
2 2232058.09
3 2233289.64
4 2234431.01
1 2235685.09
2 2236825.35
3 2238079.04
4 2239223.55
1 2240399.32
2 2241550.6
3 2242807.05
4 2244019.54
1 2245304.64
2 2246539.98
3 2247887.08
4 2249051.34
1 2250352.73
2 2251577.1
3 2252722
4 2254180.53
1 2255551.8
2 2257041.5
3 2258296.82
4 2259476.89
1 2260728.39
2 2261972.67
3 2263208.04
4 2264383.71
1 2265699.98
2 2266915.57
3 2268165.7
4 2269248.72
1 2270505.12
2 2271719.85
3 2272951.4
4 2274092.77
1 2275346.85
2 2276487.11
3 2277740.8
4 2278885.31
1 2280061.08
2 2281212.36
3 2282468.81
4 2283681.3
1 2284966.4
2 2286201.74
3 2287548.84
4 2288713.1
1 2290014.49
2 2291238.86
3 2292383.76
4 2293842.29
1 2295213.56
2 2296703.26
3 2297958.58
4 2299138.65
1 2300390.15
2 2301634.43
3 2302869.8
4 2304045.47
1 2305361.74
2 2306577.33
3 2307827.46
4 2308910.48
1 2310166.88
2 2311381.61
3 2312613.16
4 2313754.53
1 2315008.61
2 2316148.87
3 2317402.56
4 2318547.07
1 2319722.84
2 2320874.12
3 2322130.57
4 2323343.06
1 2324628.16
2 2325863.5
3 2327210.6
4 2328374.86
1 2329676.25
2 2330900.62
3 2332045.52
4 2333504.05
1 2334875.32
2 2336365.02
3 2337620.34
4 2338800.41
1 2340051.91
2 2341296.19
3 2342531.56
4 2343707.23
1 2345023.5
2 2346239.09
3 2347489.22
4 2348572.24
1 2349828.64
2 2351043.37
3 2352274.92
4 2353416.29
1 2354670.37
2 2355810.63
3 2357064.32
4 2358208.83
1 2359384.6
2 2360535.88
3 2361792.33
4 2363004.82
1 2364289.92
2 2365525.26
3 2366872.36
4 2368036.62
1 2369338.01
2 2370562.38
3 2371707.28
4 2373165.81
1 2374537.08
2 2376026.78
3 2377282.1
4 2378462.17
1 2379713.67
2 2380957.95
3 2382193.32
4 2383368.99
1 2384685.26
2 2385900.85
3 2387150.98
4 2388234
1 2389490.4
2 2390705.13
3 2391936.68
4 2393078.05
1 2394332.13
2 2395472.39
3 2396726.08
4 2397870.59
1 2399046.36
2 2400197.64
3 2401454.09
4 2402666.58
1 2403951.68
2 2405187.02
3 2406534.12
4 2407698.38
1 2408999.77
2 2410224.14
3 2411369.04
4 2412827.57
1 2414198.84
2 2415688.54
3 2416943.86
4 2418123.93
1 2419375.43
2 2420619.71
3 2421855.08
4 2423030.75
1 2424347.02
2 2425562.61
3 2426812.74
4 2427895.76
1 2429152.16
2 2430366.89
3 2431598.44
4 2432739.81
1 2433993.89
2 2435134.15
3 2436387.84
4 2437532.35
1 2438708.12
2 2439859.4
3 2441115.85
4 2442328.34
1 2443613.44
2 2444848.78
3 2446195.88
4 2447360.14
1 2448661.53
2 2449885.9
3 2451030.8
4 2452489.33
1 2453860.6
2 2455350.3
3 2456605.62
4 2457785.69
1 2459037.19
2 2460281.47
3 2461516.84
4 2462692.51
1 2464008.78
2 2465224.37
3 2466474.5
4 2467557.52
1 2468813.92
2 2470028.65
3 2471260.2
4 2472401.57
1 2473655.65
2 2474795.91
3 2476049.6
4 2477194.11
1 2478369.88
2 2479521.16
3 2480777.61
4 2481990.1
1 2483275.2
2 2484510.54
3 2485857.64
4 2487021.9
1 2488323.29
2 2489547.66
3 2490692.56
4 2492151.09
1 2493522.36
2 2495012.06
3 2496267.38
4 2497447.45
1 2498698.95
2 2499943.23
3 2501178.6
4 2502354.27
1 2503670.54
2 2504886.13
3 2506136.26
4 2507219.28
1 2508475.68
2 2509690.41
3 2510921.96
4 2512063.33
1 2513317.41
2 2514457.67
3 2515711.36
4 2516855.87
1 2518031.64
2 2519182.92
3 2520439.37
4 2521651.86
1 2522936.96
2 2524172.3
3 2525519.4
4 2526683.66
1 2527985.05
2 2529209.42
3 2530354.32
4 2531812.85
1 2533184.12
2 2534673.82
3 2535929.14
4 2537109.21
1 2538360.71
2 2539604.99
3 2540840.36
4 2542016.03
1 2543332.3
2 2544547.89
3 2545798.02
4 2546881.04
1 2548137.44
2 2549352.17
3 2550583.72
4 2551725.09
1 2552979.17
2 2554119.43
3 2555373.12
4 2556517.63
1 2557693.4
2 2558844.68
3 2560101.13
4 2561313.62
1 2562598.72
2 2563834.06
3 2565181.16
4 2566345.42
1 2567646.81
2 2568871.18
3 2570016.08
4 2571474.61
1 2572845.88
2 2574335.58
3 2575590.9
4 2576770.97
1 2578022.47
2 2579266.75
3 2580502.12
4 2581677.79
1 2582994.06
2 2584209.65
3 2585459.78
4 2586542.8
1 2587799.2
2 2589013.93
3 2590245.48
4 2591386.85
1 2592640.93
2 2593781.19
3 2595034.88
4 2596179.39
1 2597355.16
2 2598506.44
3 2599762.89
4 2600975.38
1 2602260.48
2 2603495.82
3 2604842.92
4 2606007.18
1 2607308.57
2 2608532.94
3 2609677.84
4 2611136.37
1 2612507.64
2 2613997.34
3 2615252.66
4 2616432.73
1 2617684.23
2 2618928.51
3 2620163.88
4 2621339.55
1 2622655.82
2 2623871.41
3 2625121.54
4 2626204.56
1 2627460.96
2 2628675.69
3 2629907.24
4 2631048.61
1 2632302.69
2 2633442.95
3 2634696.64
4 2635841.15
1 2637016.92
2 2638168.2
3 2639424.65
4 2640637.14
1 2641922.24
2 2643157.58
3 2644504.68
4 2645668.94
1 2646970.33
2 2648194.7
3 2649339.6
4 2650798.13
1 2652169.4
2 2653659.1
3 2654914.42
4 2656094.49
1 2657345.99
2 2658590.27
3 2659825.64
4 2661001.31
1 2662317.58
2 2663533.17
3 2664783.3
4 2665866.32
1 2667122.72
2 2668337.45
3 2669569
4 2670710.37
1 2671964.45
2 2673104.71
3 2674358.4
4 2675502.91
1 2676678.68
2 2677829.96
3 2679086.41
4 2680298.9
1 2681584
2 2682819.34
3 2684166.44
4 2685330.7
1 2686632.09
2 2687856.46
3 2689001.36
4 2690459.89
1 2691831.16
2 2693320.86
3 2694576.18
4 2695756.25
1 2697007.75
2 2698252.03
3 2699487.4
4 2700663.07
1 2701979.34
2 2703194.93
3 2704445.06
4 2705528.08
1 2706784.48
2 2707999.21
3 2709230.76
4 2710372.13
1 2711626.21
2 2712766.47
3 2714020.16
4 2715164.67
1 2716340.44
2 2717491.72
3 2718748.17
4 2719960.66
1 2721245.76
2 2722481.1
3 2723828.2
4 2724992.46
1 2726293.85
2 2727518.22
3 2728663.12
4 2730121.65
1 2731492.92
2 2732982.62
3 2734237.94
4 2735418.01
1 2736669.51
2 2737913.79
3 2739149.16
4 2740324.83
1 2741641.1
2 2742856.69
3 2744106.82
4 2745189.84
1 2746446.24
2 2747660.97
3 2748892.52
4 2750033.89
1 2751287.97
2 2752428.23
3 2753681.92
4 2754826.43
1 2756002.2
2 2757153.48
3 2758409.93
4 2759622.42
1 2760907.52
2 2762142.86
3 2763489.96
4 2764654.22
1 2765955.61
2 2767179.98
3 2768324.88
4 2769783.41
1 2771154.68
2 2772644.38
3 2773899.7
4 2775079.77
1 2776331.27
2 2777575.55
3 2778810.92
4 2779986.59
1 2781302.86
2 2782518.45
3 2783768.58
4 2784851.6
1 2786108
2 2787322.73
3 2788554.28
4 2789695.65
1 2790949.73
2 2792089.99
3 2793343.68
4 2794488.19
1 2795663.96
2 2796815.24
3 2798071.69
4 2799284.18
1 2800569.28
2 2801804.62
3 2803151.72
4 2804315.98
1 2805617.37
2 2806841.74
3 2807986.64
4 2809445.17
1 2810816.44
2 2812306.14
3 2813561.46
4 2814741.53
1 2815993.03
2 2817237.31
3 2818472.68
4 2819648.35
1 2820964.62
2 2822180.21
3 2823430.34
4 2824513.36
1 2825769.76
2 2826984.49
3 2828216.04
4 2829357.41
1 2830611.49
2 2831751.75
3 2833005.44
4 2834149.95
1 2835325.72
2 2836477
3 2837733.45
4 2838945.94
1 2840231.04
2 2841466.38
3 2842813.48
4 2843977.74
1 2845279.13
2 2846503.5
3 2847648.4
4 2849106.93
1 2850478.2
2 2851967.9
3 2853223.22
4 2854403.29
1 2855654.79
2 2856899.07
3 2858134.44
4 2859310.11
1 2860626.38
2 2861841.97
3 2863092.1
4 2864175.12
1 2865431.52
2 2866646.25
3 2867877.8
4 2869019.17
1 2870273.25
2 2871413.51
3 2872667.2
4 2873811.71
1 2874987.48
2 2876138.76
3 2877395.21
4 2878607.7
1 2879892.8
2 2881128.14
3 2882475.24
4 2883639.5
1 2884940.89
2 2886165.26
3 2887310.16
4 2888768.69
1 2890139.96
2 2891629.66
3 2892884.98
4 2894065.05
1 2895316.55
2 2896560.83
3 2897796.2
4 2898971.87
1 2900288.14
2 2901503.73
3 2902753.86
4 2903836.88
1 2905093.28
2 2906308.01
3 2907539.56
4 2908680.93
1 2909935.01
2 2911075.27
3 2912328.96
4 2913473.47
1 2914649.24
2 2915800.52
3 2917056.97
4 2918269.46
1 2919554.56
2 2920789.9
3 2922137
4 2923301.26
1 2924602.65
2 2925827.02
3 2926971.92
4 2928430.45
1 2929801.72
2 2931291.42
3 2932546.74
4 2933726.81
1 2934978.31
2 2936222.59
3 2937457.96
4 2938633.63
1 2939949.9
2 2941165.49
3 2942415.62
4 2943498.64
1 2944755.04
2 2945969.77
3 2947201.32
4 2948342.69
1 2949596.77
2 2950737.03
3 2951990.72
4 2953135.23
1 2954311
2 2955462.28
3 2956718.73
4 2957931.22
1 2959216.32
2 2960451.66
3 2961798.76
4 2962963.02
1 2964264.41
2 2965488.78
3 2966633.68
4 2968092.21
1 2969463.48
2 2970953.18
3 2972208.5
4 2973388.57
1 2974640.07
2 2975884.35
3 2977119.72
4 2978295.39
1 2979611.66
2 2980827.25
3 2982077.38
4 2983160.4
1 2984416.8
2 2985631.53
3 2986863.08
4 2988004.45
1 2989258.53
2 2990398.79
3 2991652.48
4 2992796.99
1 2993972.76
2 2995124.04
3 2996380.49
4 2997592.98
1 2998878.08
2 3000113.42
3 3001460.52
4 3002624.78
1 3003926.17
2 3005150.54
3 3006295.44
4 3007753.97
1 3009125.24
2 3010614.94
3 3011870.26
4 3013050.33
1 3014301.83
2 3015546.11
3 3016781.48
4 3017957.15
1 3019273.42
2 3020489.01
3 3021739.14
4 3022822.16
1 3024078.56
2 3025293.29
3 3026524.84
4 3027666.21
1 3028920.29
2 3030060.55
3 3031314.24
4 3032458.75
1 3033634.52
2 3034785.8
3 3036042.25
4 3037254.74
1 3038539.84
2 3039775.18
3 3041122.28
4 3042286.54
1 3043587.93
2 3044812.3
3 3045957.2
4 3047415.73
1 3048787
2 3050276.7
3 3051532.02
4 3052712.09
1 3053963.59
2 3055207.87
3 3056443.24
4 3057618.91
1 3058935.18
2 3060150.77
3 3061400.9
4 3062483.92
1 3063740.32
2 3064955.05
3 3066186.6
4 3067327.97
1 3068582.05
2 3069722.31
3 3070976
4 3072120.51
1 3073296.28
2 3074447.56
3 3075704.01
4 3076916.5
1 3078201.6
2 3079436.94
3 3080784.04
4 3081948.3
1 3083249.69
2 3084474.06
3 3085618.96
4 3087077.49
1 3088448.76
2 3089938.46
3 3091193.78
4 3092373.85
1 3093625.35
2 3094869.63
3 3096105
4 3097280.67
1 3098596.94
2 3099812.53
3 3101062.66
4 3102145.68
1 3103402.08
2 3104616.81
3 3105848.36
4 3106989.73
1 3108243.81
2 3109384.07
3 3110637.76
4 3111782.27
1 3112958.04
2 3114109.32
3 3115365.77
4 3116578.26
1 3117863.36
2 3119098.7
3 3120445.8
4 3121610.06
1 3122911.45
2 3124135.82
3 3125280.72
4 3126739.25
1 3128110.52
2 3129600.22
3 3130855.54
4 3132035.61
1 3133287.11
2 3134531.39
3 3135766.76
4 3136942.43
1 3138258.7
2 3139474.29
3 3140724.42
4 3141807.44
1 3143063.84
2 3144278.57
3 3145510.12
4 3146651.49
1 3147905.57
2 3149045.83
3 3150299.52
4 3151444.03
1 3152619.8
2 3153771.08
3 3155027.53
4 3156240.02
1 3157525.12
2 3158760.46
3 3160107.56
4 3161271.82
1 3162573.21
2 3163797.58
3 3164942.48
4 3166401.01
1 3167772.28
2 3169261.98
3 3170517.3
4 3171697.37
1 3172948.87
2 3174193.15
3 3175428.52
4 3176604.19
1 3177920.46
2 3179136.05
3 3180386.18
4 3181469.2
1 3182725.6
2 3183940.33
3 3185171.88
4 3186313.25
1 3187567.33
2 3188707.59
3 3189961.28
4 3191105.79
1 3192281.56
2 3193432.84
3 3194689.29
4 3195901.78
1 3197186.88
2 3198422.22
3 3199769.32
4 3200933.58
1 3202234.97
2 3203459.34
3 3204604.24
4 3206062.77
1 3207434.04
2 3208923.74
3 3210179.06
4 3211359.13
1 3212610.63
2 3213854.91
3 3215090.28
4 3216265.95
1 3217582.22
2 3218797.81
3 3220047.94
4 3221130.96
1 3222387.36
2 3223602.09
3 3224833.64
4 3225975.01
1 3227229.09
2 3228369.35
3 3229623.04
4 3230767.55
1 3231943.32
2 3233094.6
3 3234351.05
4 3235563.54
1 3236848.64
2 3238083.98
3 3239431.08
4 3240595.34
1 3241896.73
2 3243121.1
3 3244266
4 3245724.53
1 3247095.8
2 3248585.5
3 3249840.82
4 3251020.89
1 3252272.39
2 3253516.67
3 3254752.04
4 3255927.71
1 3257243.98
2 3258459.57
3 3259709.7
4 3260792.72
1 3262049.12
2 3263263.85
3 3264495.4
4 3265636.77
1 3266890.85
2 3268031.11
3 3269284.8
4 3270429.31
1 3271605.08
2 3272756.36
3 3274012.81
4 3275225.3
1 3276510.4
2 3277745.74
3 3279092.84
4 3280257.1
1 3281558.49
2 3282782.86
3 3283927.76
4 3285386.29
1 3286757.56
2 3288247.26
3 3289502.58
4 3290682.65
1 3291934.15
2 3293178.43
3 3294413.8
4 3295589.47
1 3296905.74
2 3298121.33
3 3299371.46
4 3300454.48
1 3301710.88
2 3302925.61
3 3304157.16
4 3305298.53
1 3306552.61
2 3307692.87
3 3308946.56
4 3310091.07
1 3311266.84
2 3312418.12
3 3313674.57
4 3314887.06
1 3316172.16
2 3317407.5
3 3318754.6
4 3319918.86
1 3321220.25
2 3322444.62
3 3323589.52
4 3325048.05
1 3326419.32
2 3327909.02
3 3329164.34
4 3330344.41
1 3331595.91
2 3332840.19
3 3334075.56
4 3335251.23
1 3336567.5
2 3337783.09
3 3339033.22
4 3340116.24
1 3341372.64
2 3342587.37
3 3343818.92
4 3344960.29
1 3346214.37
2 3347354.63
3 3348608.32
4 3349752.83
1 3350928.6
2 3352079.88
3 3353336.33
4 3354548.82
1 3355833.92
2 3357069.26
3 3358416.36
4 3359580.62
1 3360882.01
2 3362106.38
3 3363251.28
4 3364709.81
1 3366081.08
2 3367570.78
3 3368826.1
4 3370006.17
1 3371257.67
2 3372501.95
3 3373737.32
4 3374912.99
1 3376229.26
2 3377444.85
3 3378694.98
4 3379778
1 3381034.4
2 3382249.13
3 3383480.68
4 3384622.05
1 3385876.13
2 3387016.39
3 3388270.08
4 3389414.59
1 3390590.36
2 3391741.64
3 3392998.09
4 3394210.58
1 3395495.68
2 3396731.02
3 3398078.12
4 3399242.38
1 3400543.77
2 3401768.14
3 3402913.04
4 3404371.57
1 3405742.84
2 3407232.54
3 3408487.86
4 3409667.93
1 3410919.43
2 3412163.71
3 3413399.08
4 3414574.75
1 3415891.02
2 3417106.61
3 3418356.74
4 3419439.76
1 3420696.16
2 3421910.89
3 3423142.44
4 3424283.81
1 3425537.89
2 3426678.15
3 3427931.84
4 3429076.35
1 3430252.12
2 3431403.4
3 3432659.85
4 3433872.34
1 3435157.44
2 3436392.78
3 3437739.88
4 3438904.14
1 3440205.53
2 3441429.9
3 3442574.8
4 3444033.33
1 3445404.6
2 3446894.3
3 3448149.62
4 3449329.69
1 3450581.19
2 3451825.47
3 3453060.84
4 3454236.51
1 3455552.78
2 3456768.37
3 3458018.5
4 3459101.52
1 3460357.92
2 3461572.65
3 3462804.2
4 3463945.57
1 3465199.65
2 3466339.91
3 3467593.6
4 3468738.11
1 3469913.88
2 3471065.16
3 3472321.61
4 3473534.1
1 3474819.2
2 3476054.54
3 3477401.64
4 3478565.9
1 3479867.29
2 3481091.66
3 3482236.56
4 3483695.09
1 3485066.36
2 3486556.06
3 3487811.38
4 3488991.45
1 3490242.95
2 3491487.23
3 3492722.6
4 3493898.27
1 3495214.54
2 3496430.13
3 3497680.26
4 3498763.28
1 3500019.68
2 3501234.41
3 3502465.96
4 3503607.33
1 3504861.41
2 3506001.67
3 3507255.36
4 3508399.87
1 3509575.64
2 3510726.92
3 3511983.37
4 3513195.86
1 3514480.96
2 3515716.3
3 3517063.4
4 3518227.66
1 3519529.05
2 3520753.42
3 3521898.32
4 3523356.85
1 3524728.12
2 3526217.82
3 3527473.14
4 3528653.21
1 3529904.71
2 3531148.99
3 3532384.36
4 3533560.03
1 3534876.3
2 3536091.89
3 3537342.02
4 3538425.04
1 3539681.44
2 3540896.17
3 3542127.72
4 3543269.09
1 3544523.17
2 3545663.43
3 3546917.12
4 3548061.63
1 3549237.4
2 3550388.68
3 3551645.13
4 3552857.62
1 3554142.72
2 3555378.06
3 3556725.16
4 3557889.42
1 3559190.81
2 3560415.18
3 3561560.08
4 3563018.61
1 3564389.88
2 3565879.58
3 3567134.9
4 3568314.97
1 3569566.47
2 3570810.75
3 3572046.12
4 3573221.79
1 3574538.06
2 3575753.65
3 3577003.78
4 3578086.8
1 3579343.2
2 3580557.93
3 3581789.48
4 3582930.85
1 3584184.93
2 3585325.19
3 3586578.88
4 3587723.39
1 3588899.16
2 3590050.44
3 3591306.89
4 3592519.38
1 3593804.48
2 3595039.82
3 3596386.92
4 3597551.18
1 3598852.57
2 3600076.94
3 3601221.84
4 3602680.37
1 3604051.64
2 3605541.34
3 3606796.66
4 3607976.73
1 3609228.23
2 3610472.51
3 3611707.88
4 3612883.55
1 3614199.82
2 3615415.41
3 3616665.54
4 3617748.56
1 3619004.96
2 3620219.69
3 3621451.24
4 3622592.61
1 3623846.69
2 3624986.95
3 3626240.64
4 3627385.15
1 3628560.92
2 3629712.2
3 3630968.65
4 3632181.14
1 3633466.24
2 3634701.58
3 3636048.68
4 3637212.94
1 3638514.33
2 3639738.7
3 3640883.6
4 3642342.13
1 3643713.4
2 3645203.1
3 3646458.42
4 3647638.49
1 3648889.99
2 3650134.27
3 3651369.64
4 3652545.31
1 3653861.58
2 3655077.17
3 3656327.3
4 3657410.32
1 3658666.72
2 3659881.45
3 3661113
4 3662254.37
1 3663508.45
2 3664648.71
3 3665902.4
4 3667046.91
1 3668222.68
2 3669373.96
3 3670630.41
4 3671842.9
1 3673128
2 3674363.34
3 3675710.44
4 3676874.7
1 3678176.09
2 3679400.46
3 3680545.36
4 3682003.89
1 3683375.16
2 3684864.86
3 3686120.18
4 3687300.25
1 3688551.75
2 3689796.03
3 3691031.4
4 3692207.07
1 3693523.34
2 3694738.93
3 3695989.06
4 3697072.08
1 3698328.48
2 3699543.21
3 3700774.76
4 3701916.13
1 3703170.21
2 3704310.47
3 3705564.16
4 3706708.67
1 3707884.44
2 3709035.72
3 3710292.17
4 3711504.66
1 3712789.76
2 3714025.1
3 3715372.2
4 3716536.46
1 3717837.85
2 3719062.22
3 3720207.12
4 3721665.65
1 3723036.92
2 3724526.62
3 3725781.94
4 3726962.01
1 3728213.51
2 3729457.79
3 3730693.16
4 3731868.83
1 3733185.1
2 3734400.69
3 3735650.82
4 3736733.84
1 3737990.24
2 3739204.97
3 3740436.52
4 3741577.89
1 3742831.97
2 3743972.23
3 3745225.92
4 3746370.43
1 3747546.2
2 3748697.48
3 3749953.93
4 3751166.42
1 3752451.52
2 3753686.86
3 3755033.96
4 3756198.22
1 3757499.61
2 3758723.98
3 3759868.88
4 3761327.41
1 3762698.68
2 3764188.38
3 3765443.7
4 3766623.77
1 3767875.27
2 3769119.55
3 3770354.92
4 3771530.59
1 3772846.86
2 3774062.45
3 3775312.58
4 3776395.6
1 3777652
2 3778866.73
3 3780098.28
4 3781239.65
1 3782493.73
2 3783633.99
3 3784887.68
4 3786032.19
1 3787207.96
2 3788359.24
3 3789615.69
4 3790828.18
1 3792113.28
2 3793348.62
3 3794695.72
4 3795859.98
1 3797161.37
2 3798385.74
3 3799530.64
4 3800989.17
1 3802360.44
2 3803850.14
3 3805105.46
4 3806285.53
1 3807537.03
2 3808781.31
3 3810016.68
4 3811192.35
1 3812508.62
2 3813724.21
3 3814974.34
4 3816057.36
1 3817313.76
2 3818528.49
3 3819760.04
4 3820901.41
1 3822155.49
2 3823295.75
3 3824549.44
4 3825693.95
1 3826869.72
2 3828021
3 3829277.45
4 3830489.94
1 3831775.04
2 3833010.38
3 3834357.48
4 3835521.74
1 3836823.13
2 3838047.5
3 3839192.4
4 3840650.93
1 3842022.2
2 3843511.9
3 3844767.22
4 3845947.29
1 3847198.79
2 3848443.07
3 3849678.44
4 3850854.11
1 3852170.38
2 3853385.97
3 3854636.1
4 3855719.12
1 3856975.52
2 3858190.25
3 3859421.8
4 3860563.17
1 3861817.25
2 3862957.51
3 3864211.2
4 3865355.71
1 3866531.48
2 3867682.76
3 3868939.21
4 3870151.7
1 3871436.8
2 3872672.14
3 3874019.24
4 3875183.5
1 3876484.89
2 3877709.26
3 3878854.16
4 3880312.69
1 3881683.96
2 3883173.66
3 3884428.98
4 3885609.05
1 3886860.55
2 3888104.83
3 3889340.2
4 3890515.87
1 3891832.14
2 3893047.73
3 3894297.86
4 3895380.88
1 3896637.28
2 3897852.01
3 3899083.56
4 3900224.93
1 3901479.01
2 3902619.27
3 3903872.96
4 3905017.47
1 3906193.24
2 3907344.52
3 3908600.97
4 3909813.46
1 3911098.56
2 3912333.9
3 3913681
4 3914845.26
1 3916146.65
2 3917371.02
3 3918515.92
4 3919974.45
1 3921345.72
2 3922835.42
3 3924090.74
4 3925270.81
1 3926522.31
2 3927766.59
3 3929001.96
4 3930177.63
1 3931493.9
2 3932709.49
3 3933959.62
4 3935042.64
1 3936299.04
2 3937513.77
3 3938745.32
4 3939886.69
1 3941140.77
2 3942281.03
3 3943534.72
4 3944679.23
1 3945855
2 3947006.28
3 3948262.73
4 3949475.22
1 3950760.32
2 3951995.66
3 3953342.76
4 3954507.02
1 3955808.41
2 3957032.78
3 3958177.68
4 3959636.21
1 3961007.48
2 3962497.18
3 3963752.5
4 3964932.57
