2 503
3 1402.9
2 2305.1
3 3196.8
2 4092.9
3 5013.7
2 5901.7
3 6799.3
2 7692.4
3 8569.5
2 9471.7
3 10363.4
2 11260.8
3 12135.1
2 13037.7
3 13935.1
2 14836.5
3 15712.3
2 16611.2
3 17511.1
2 18407.2
3 19328
2 20208.5
3 21108.4
2 22004.5
3 22904.5
2 23803.3
3 24702.9
2 25602.7
3 26502.6
2 27401.6
3 28322.4
2 29210.4
3 30121.1
2 31165
3 31897.5
2 32796.3
3 33695.9
2 34596.9
3 35492.4
2 36372.5
3 37245.5
2 38148.1
3 39045.6
2 39950.5
3 40839.4
2 41741.6
3 42617
2 43513.1
3 44413.1
2 45322.2
3 46214.1
2 47110.2
3 48010.1
2 49075.3
3 49807.4
2 50708.5
3 51582.8
2 52483.3
3 53381.8
2 54283.6
3 55180.7
2 56081.2
3 56981.8
2 57879.2
3 58756.3
2 59653.2
3 60551.7
2 61456.8
3 62345.7
2 63248.2
3 64145.3
2 65047.8
3 65945.2
2 66845.5
3 67719.8
2 68625.6
3 69514.5
2 70415
3 71313.2
2 72223.3
3 73113.2
2 74012.8
3 74919.1
2 75812.2
3 76686.5
2 77589
3 78486.5
2 79387.7
3 80268.8
2 81326.8
3 82080.1
2 82958.6
3 83857.2
2 84757.3
3 85631.9
2 86531.7
3 87429.9
2 88495.9
3 89228
