23 10
140 11
259 12
378 13
496 10
613 11
732 12
851 13
969 10
1086 11
1205 12
1324 13
1442 10
1559 11
1678 12
1797 13
1915 10
2032 11
2151 12
2270 13
2388 10
2505 11
2624 12
2743 13
2861 10
2978 11
3097 12
3216 13
3334 10
3451 11
3570 12
3689 13
3807 10
3924 11
4043 12
4162 13
4280 10
4397 11
4516 12
4635 13
4753 10
4870 11
4989 12
5108 13
5226 10
5343 11
5462 12
5581 13
5699 10
5816 11
5935 12
6054 13
6172 10
6289 11
6408 12
6527 13
6645 10
6762 11
6881 12
7000 13
7118 10
7235 11
7354 12
7473 13
7591 10
7708 11
7827 12
7946 13
8064 10
8181 11
8300 12
8419 13
8537 10
8654 11
8773 12
8892 13
9010 10
9127 11
9246 12
9365 13
9483 10
9600 11
9719 12
9838 13
9956 10
10073 11
10192 12
10311 13
10429 10
10546 11
10665 12
10784 13
10902 10
11019 11
11138 12
11257 13
11375 10
11492 11
11611 12
11730 13
11848 10
11965 11
12084 12
12203 13
12321 10
12438 11
12557 12
12676 13
12794 10
12911 11
13030 12
13149 13
13267 10
13384 11
13503 12
13622 13
13740 10
13857 11
13976 12
14095 13
14213 10
14330 11
14449 12
14568 13
14686 10
14803 11
14922 12
15041 13
15159 10
15276 11
15395 12
15514 13
15632 10
15749 11
15868 12
15987 13
16105 10
16222 11
16341 12
16460 13
16578 10
16695 11
16814 12
16933 13
17051 10
17168 11
17287 12
17406 13
17524 10
17641 11
17760 12
17879 13
17997 10
18114 11
18233 12
18352 13
18470 10
18587 11
18706 12
18825 13
18943 10
19060 11
19179 12
19298 13
19416 10
19533 11
19652 12
19771 13
19889 10
20006 11
20125 12
20244 13
20362 10
20479 11
20598 12
20717 13
20835 10
20952 11
21071 12
21190 13
21308 10
21425 11
21544 12
21663 13
21781 10
21898 11
22017 12
22136 13
22254 10
22371 11
22490 12
22609 13
22727 10
22844 11
22963 12
23082 13
23200 10
23317 11
23436 12
23555 13
23673 10
23790 11
23909 12
24028 13
24146 10
24263 11
24382 12
24501 13
24619 10
24736 11
24855 12
24974 13
25092 10
25209 11
25328 12
25447 13
25565 10
25682 11
25801 12
25920 13
26038 10
26155 11
26274 12
26393 13
26511 10
26628 11
26747 12
26866 13
26984 10
27101 11
27220 12
27339 13
27457 10
27574 11
27693 12
27812 13
27930 10
28047 11
28166 12
28285 13
28403 10
28520 11
28639 12
28758 13
28876 10
28993 11
29112 12
29231 13
29349 10
29466 11
29585 12
29704 13
29822 10
29939 11
30058 12
30177 13
30295 10
30412 11
30531 12
30650 13
30768 10
30885 11
31004 12
31123 13
31241 10
31358 11
31477 12
31596 13
31714 10
31831 11
31950 12
32069 13
32187 10
32304 11
32423 12
32542 13
32660 10
32777 11
32896 12
33015 13
33133 10
33250 11
33369 12
33488 13
33606 10
33723 11
33842 12
33961 13
34079 10
34196 11
34315 12
34434 13
34552 10
34669 11
34788 12
34907 13
35025 10
35142 11
35261 12
35380 13
35498 10
35615 11
35734 12
35853 13
35971 10
36088 11
36207 12
36326 13
36444 10
36561 11
36680 12
36799 13
36917 10
37034 11
37153 12
37272 13
37390 10
37507 11
37626 12
37745 13
37863 10
37980 11
38099 12
38218 13
38336 10
38453 11
38572 12
38691 13
38809 10
38926 11
39045 12
39164 13
39282 10
39399 11
39518 12
39637 13
39755 10
39872 11
39991 12
40110 13
40228 10
40345 11
40464 12
40583 13
40701 10
40818 11
40937 12
41056 13
41174 10
41291 11
41410 12
41529 13
41647 10
41764 11
41883 12
42002 13
42120 10
42237 11
42356 12
42475 13
42593 10
42710 11
42829 12
42948 13
43066 10
43183 11
43302 12
43421 13
43539 10
43656 11
43775 12
43894 13
44012 10
44129 11
44248 12
44367 13
44485 10
44602 11
44721 12
44840 13
44958 10
45075 11
45194 12
45313 13
45431 10
45548 11
45667 12
45786 13
45904 10
46021 11
46140 12
46259 13
46377 10
46494 11
46613 12
46732 13
46850 10
46967 11
47086 12
47205 13
47323 10
47440 11
47559 12
47678 13
47796 10
47913 11
48032 12
48151 13
48269 10
48386 11
48505 12
48624 13
48742 10
48859 11
48978 12
49097 13
49215 10
49332 11
49451 12
49570 13
49688 10
49805 11
49924 12
50043 13
50161 10
50278 11
50397 12
50516 13
50634 10
50751 11
50870 12
50989 13
51107 10
51224 11
51343 12
51462 13
51580 10
51697 11
51816 12
51935 13
52053 10
52170 11
52289 12
52408 13
52526 10
52643 11
52762 12
52881 13
52999 10
53116 11
53235 12
53354 13
53472 10
53589 11
53708 12
53827 13
53945 10
54062 11
54181 12
54300 13
54418 10
54535 11
54654 12
54773 13
54891 10
55008 11
55127 12
55246 13
55364 10
55481 11
55600 12
55719 13
55837 10
55954 11
56073 12
56192 13
56310 10
56427 11
56546 12
56665 13
56783 10
56900 11
57019 12
57138 13
57256 10
57373 11
57492 12
57611 13
57729 10
57846 11
57965 12
58084 13
58202 10
58319 11
58438 12
58557 13
58675 10
58792 11
58911 12
59030 13
59148 10
59265 11
59384 12
59503 13
59621 10
59738 11
59857 12
59976 13
60094 10
60211 11
60330 12
60449 13
60567 10
60684 11
60803 12
60922 13
61040 10
61157 11
61276 12
61395 13
61513 10
61630 11
61749 12
61868 13
61986 10
62103 11
62222 12
62341 13
62459 10
62576 11
62695 12
62814 13
62932 10
63049 11
63168 12
63287 13
63405 10
63522 11
63641 12
63760 13
63878 10
63995 11
64114 12
64233 13
64351 10
64468 11
64587 12
64706 13
64824 10
64941 11
65060 12
65179 13
65297 10
65414 11
65533 12
65652 13
65770 10
65887 11
66006 12
66125 13
66243 10
66360 11
66479 12
66598 13
66716 10
66833 11
66952 12
67071 13
67189 10
67306 11
67425 12
67544 13
67662 10
67779 11
67898 12
68017 13
68135 10
68252 11
68371 12
68490 13
68608 10
68725 11
68844 12
68963 13
69081 10
69198 11
69317 12
69436 13
69554 10
69671 11
69790 12
69909 13
70027 10
70144 11
70263 12
70382 13
70500 10
70617 11
70736 12
70855 13
70973 10
71090 11
71209 12
71328 13
71446 10
71563 11
71682 12
71801 13
71919 10
72036 11
72155 12
72274 13
72392 10
72509 11
72628 12
72747 13
72865 10
72982 11
73101 12
73220 13
73338 10
73455 11
73574 12
73693 13
73811 10
73928 11
74047 12
74166 13
74284 10
74401 11
74520 12
74639 13
74757 10
74874 11
74993 12
75112 13
75230 10
75347 11
75466 12
75585 13
75703 10
75820 11
75939 12
76058 13
76176 10
76293 11
76412 12
76531 13
76649 10
76766 11
76885 12
77004 13
77122 10
77239 11
77358 12
77477 13
77595 10
77712 11
77831 12
77950 13
78068 10
78185 11
78304 12
78423 13
78541 10
78658 11
78777 12
78896 13
79014 10
79131 11
79250 12
79369 13
79487 10
79604 11
79723 12
79842 13
79960 10
80077 11
80196 12
80315 13
80433 10
80550 11
80669 12
80788 13
80906 10
81023 11
81142 12
81261 13
81379 10
81496 11
81615 12
81734 13
81852 10
81969 11
82088 12
82207 13
82325 10
82442 11
82561 12
82680 13
82798 10
82915 11
83034 12
83153 13
83271 10
83388 11
83507 12
83626 13
83744 10
83861 11
83980 12
84099 13
84217 10
84334 11
84453 12
84572 13
84690 10
84807 11
84926 12
85045 13
85163 10
85280 11
85399 12
85518 13
85636 10
85753 11
85872 12
85991 13
86109 10
86226 11
86345 12
86464 13
86582 10
86699 11
86818 12
86937 13
87055 10
87172 11
87291 12
87410 13
87528 10
87645 11
87764 12
87883 13
88001 10
88118 11
88237 12
88356 13
88474 10
88591 11
88710 12
88829 13
88947 10
89064 11
89183 12
89302 13
89420 10
89537 11
89656 12
89775 13
89893 10
90010 11
90129 12
90248 13
90366 10
90483 11
90602 12
90721 13
90839 10
90956 11
91075 12
91194 13
91312 10
91429 11
91548 12
91667 13
91785 10
91902 11
92021 12
92140 13
92258 10
92375 11
92494 12
92613 13
92731 10
92848 11
92967 12
93086 13
93204 10
93321 11
93440 12
93559 13
93677 10
93794 11
93913 12
94032 13
94150 10
94267 11
94386 12
94505 13
