2 4.23
3 1239.6
2 2409
3 3659.13
2 4739.62
3 5971.17
2 7114.34
3 8368.03
2 9515.9
3 10772.35
2 11976.77
3 13323.87
2 14488.1
3 15633
2 17079.33
3 18334.65
2 19510.78
3 20746.15
2 21915.55
3 23165.68
2 24246.17
3 25477.72
2 26620.89
3 27874.58
2 29022.45
3 30278.9
2 31483.32
3 32830.42
2 33994.65
3 35139.55
2 36585.88
3 37841.2
2 39017.33
3 40252.7
2 41422.1
3 42672.23
2 43752.72
3 44984.27
2 46127.44
3 47381.13
2 48529
3 49785.45
2 50989.87
3 52336.97
2 53501.2
3 54646.1
2 56092.43
3 57347.75
2 58523.88
3 59759.25
2 60928.65
3 62178.78
2 63259.27
3 64490.82
2 65633.99
3 66887.68
2 68035.55
3 69292
2 70496.42
3 71843.52
2 73007.75
3 74152.65
2 75598.98
3 76854.3
2 78030.43
3 79265.8
2 80435.2
3 81685.33
2 82765.82
3 83997.37
2 85140.54
3 86394.23
2 87542.1
3 88798.55
2 90002.97
3 91350.07
2 92514.3
3 93659.2
2 95105.53
3 96360.85
2 97536.98
3 98772.35
2 99941.75
3 101191.88
2 102272.37
3 103503.92
2 104647.09
3 105900.78
2 107048.65
3 108305.1
2 109509.52
3 110856.62
2 112020.85
3 113165.75
2 114612.08
3 115867.4
2 117043.53
3 118278.9
2 119448.3
3 120698.43
2 121778.92
3 123010.47
2 124153.64
3 125407.33
2 126555.2
3 127811.65
2 129016.07
3 130363.17
2 131527.4
3 132672.3
2 134118.63
3 135373.95
2 136550.08
3 137785.45
2 138954.85
3 140204.98
2 141285.47
3 142517.02
2 143660.19
3 144913.88
2 146061.75
3 147318.2
2 148522.62
3 149869.72
2 151033.95
3 152178.85
2 153625.18
3 154880.5
2 156056.63
3 157292
2 158461.4
3 159711.53
2 160792.02
3 162023.57
2 163166.74
3 164420.43
2 165568.3
3 166824.75
2 168029.17
3 169376.27
2 170540.5
3 171685.4
2 173131.73
3 174387.05
2 175563.18
3 176798.55
2 177967.95
3 179218.08
2 180298.57
3 181530.12
2 182673.29
3 183926.98
2 185074.85
3 186331.3
2 187535.72
3 188882.82
2 190047.05
3 191191.95
2 192638.28
3 193893.6
2 195069.73
3 196305.1
2 197474.5
3 198724.63
2 199805.12
3 201036.67
2 202179.84
3 203433.53
2 204581.4
3 205837.85
2 207042.27
3 208389.37
2 209553.6
3 210698.5
2 212144.83
3 213400.15
2 214576.28
3 215811.65
2 216981.05
3 218231.18
2 219311.67
3 220543.22
2 221686.39
3 222940.08
2 224087.95
3 225344.4
2 226548.82
3 227895.92
2 229060.15
3 230205.05
2 231651.38
3 232906.7
2 234082.83
3 235318.2
2 236487.6
3 237737.73
2 238818.22
3 240049.77
2 241192.94
3 242446.63
2 243594.5
3 244850.95
2 246055.37
3 247402.47
2 248566.7
3 249711.6
2 251157.93
3 252413.25
2 253589.38
3 254824.75
2 255994.15
3 257244.28
2 258324.77
3 259556.32
2 260699.49
3 261953.18
2 263101.05
3 264357.5
2 265561.92
3 266909.02
2 268073.25
3 269218.15
2 270664.48
3 271919.8
2 273095.93
3 274331.3
2 275500.7
3 276750.83
2 277831.32
3 279062.87
2 280206.04
3 281459.73
2 282607.6
3 283864.05
2 285068.47
3 286415.57
2 287579.8
3 288724.7
2 290171.03
3 291426.35
2 292602.48
3 293837.85
2 295007.25
3 296257.38
2 297337.87
3 298569.42
2 299712.59
3 300966.28
2 302114.15
3 303370.6
2 304575.02
3 305922.12
2 307086.35
3 308231.25
2 309677.58
3 310932.9
2 312109.03
3 313344.4
2 314513.8
3 315763.93
2 316844.42
3 318075.97
2 319219.14
3 320472.83
2 321620.7
3 322877.15
2 324081.57
3 325428.67
2 326592.9
3 327737.8
2 329184.13
3 330439.45
2 331615.58
3 332850.95
2 334020.35
3 335270.48
2 336350.97
3 337582.52
2 338725.69
3 339979.38
2 341127.25
3 342383.7
2 343588.12
3 344935.22
2 346099.45
3 347244.35
2 348690.68
3 349946
2 351122.13
3 352357.5
2 353526.9
3 354777.03
2 355857.52
3 357089.07
2 358232.24
3 359485.93
2 360633.8
3 361890.25
2 363094.67
3 364441.77
2 365606
3 366750.9
2 368197.23
3 369452.55
2 370628.68
3 371864.05
2 373033.45
3 374283.58
2 375364.07
3 376595.62
2 377738.79
3 378992.48
2 380140.35
3 381396.8
2 382601.22
3 383948.32
2 385112.55
3 386257.45
2 387703.78
3 388959.1
2 390135.23
3 391370.6
2 392540
3 393790.13
2 394870.62
3 396102.17
2 397245.34
3 398499.03
2 399646.9
3 400903.35
2 402107.77
3 403454.87
2 404619.1
3 405764
2 407210.33
3 408465.65
2 409641.78
3 410877.15
2 412046.55
3 413296.68
2 414377.17
3 415608.72
2 416751.89
3 418005.58
2 419153.45
3 420409.9
2 421614.32
3 422961.42
2 424125.65
3 425270.55
2 426716.88
3 427972.2
2 429148.33
3 430383.7
2 431553.1
3 432803.23
2 433883.72
3 435115.27
2 436258.44
3 437512.13
2 438660
3 439916.45
2 441120.87
3 442467.97
2 443632.2
3 444777.1
2 446223.43
3 447478.75
2 448654.88
3 449890.25
2 451059.65
3 452309.78
2 453390.27
3 454621.82
2 455764.99
3 457018.68
2 458166.55
3 459423
2 460627.42
3 461974.52
2 463138.75
3 464283.65
2 465729.98
3 466985.3
2 468161.43
3 469396.8
2 470566.2
3 471816.33
2 472896.82
3 474128.37
2 475271.54
3 476525.23
2 477673.1
3 478929.55
2 480133.97
3 481481.07
2 482645.3
3 483790.2
2 485236.53
3 486491.85
2 487667.98
3 488903.35
2 490072.75
3 491322.88
2 492403.37
3 493634.92
2 494778.09
3 496031.78
2 497179.65
3 498436.1
2 499640.52
3 500987.62
2 502151.85
3 503296.75
2 504743.08
3 505998.4
2 507174.53
3 508409.9
2 509579.3
3 510829.43
2 511909.92
3 513141.47
2 514284.64
3 515538.33
2 516686.2
3 517942.65
2 519147.07
3 520494.17
2 521658.4
3 522803.3
2 524249.63
3 525504.95
2 526681.08
3 527916.45
2 529085.85
3 530335.98
2 531416.47
3 532648.02
2 533791.19
3 535044.88
2 536192.75
3 537449.2
2 538653.62
3 540000.72
2 541164.95
3 542309.85
2 543756.18
3 545011.5
2 546187.63
3 547423
2 548592.4
3 549842.53
2 550923.02
3 552154.57
2 553297.74
3 554551.43
2 555699.3
3 556955.75
2 558160.17
3 559507.27
2 560671.5
3 561816.4
2 563262.73
3 564518.05
2 565694.18
3 566929.55
2 568098.95
3 569349.08
2 570429.57
3 571661.12
2 572804.29
3 574057.98
2 575205.85
3 576462.3
2 577666.72
3 579013.82
2 580178.05
3 581322.95
2 582769.28
3 584024.6
2 585200.73
3 586436.1
2 587605.5
3 588855.63
2 589936.12
3 591167.67
2 592310.84
3 593564.53
2 594712.4
3 595968.85
2 597173.27
3 598520.37
2 599684.6
3 600829.5
2 602275.83
3 603531.15
2 604707.28
3 605942.65
2 607112.05
3 608362.18
2 609442.67
3 610674.22
2 611817.39
3 613071.08
2 614218.95
3 615475.4
2 616679.82
3 618026.92
2 619191.15
3 620336.05
2 621782.38
3 623037.7
2 624213.83
3 625449.2
2 626618.6
3 627868.73
2 628949.22
3 630180.77
2 631323.94
3 632577.63
2 633725.5
3 634981.95
2 636186.37
3 637533.47
2 638697.7
3 639842.6
2 641288.93
3 642544.25
2 643720.38
3 644955.75
2 646125.15
3 647375.28
2 648455.77
3 649687.32
2 650830.49
3 652084.18
2 653232.05
3 654488.5
2 655692.92
3 657040.02
2 658204.25
3 659349.15
2 660795.48
3 662050.8
2 663226.93
3 664462.3
2 665631.7
3 666881.83
2 667962.32
3 669193.87
2 670337.04
3 671590.73
2 672738.6
3 673995.05
2 675199.47
3 676546.57
2 677710.8
3 678855.7
2 680302.03
3 681557.35
2 682733.48
3 683968.85
2 685138.25
3 686388.38
2 687468.87
3 688700.42
2 689843.59
3 691097.28
2 692245.15
3 693501.6
2 694706.02
3 696053.12
2 697217.35
3 698362.25
2 699808.58
3 701063.9
2 702240.03
3 703475.4
2 704644.8
3 705894.93
2 706975.42
3 708206.97
2 709350.14
3 710603.83
2 711751.7
3 713008.15
2 714212.57
3 715559.67
2 716723.9
3 717868.8
2 719315.13
3 720570.45
2 721746.58
3 722981.95
2 724151.35
3 725401.48
2 726481.97
3 727713.52
2 728856.69
3 730110.38
2 731258.25
3 732514.7
2 733719.12
3 735066.22
2 736230.45
3 737375.35
2 738821.68
3 740077
2 741253.13
3 742488.5
2 743657.9
3 744908.03
2 745988.52
3 747220.07
2 748363.24
3 749616.93
2 750764.8
3 752021.25
2 753225.67
3 754572.77
2 755737
3 756881.9
2 758328.23
3 759583.55
2 760759.68
3 761995.05
2 763164.45
3 764414.58
2 765495.07
3 766726.62
2 767869.79
3 769123.48
2 770271.35
3 771527.8
2 772732.22
3 774079.32
2 775243.55
3 776388.45
2 777834.78
3 779090.1
2 780266.23
3 781501.6
2 782671
3 783921.13
2 785001.62
3 786233.17
2 787376.34
3 788630.03
2 789777.9
3 791034.35
2 792238.77
3 793585.87
2 794750.1
3 795895
2 797341.33
3 798596.65
2 799772.78
3 801008.15
2 802177.55
3 803427.68
2 804508.17
3 805739.72
2 806882.89
3 808136.58
2 809284.45
3 810540.9
2 811745.32
3 813092.42
2 814256.65
3 815401.55
2 816847.88
3 818103.2
2 819279.33
3 820514.7
2 821684.1
3 822934.23
2 824014.72
3 825246.27
2 826389.44
3 827643.13
2 828791
3 830047.45
2 831251.87
3 832598.97
2 833763.2
3 834908.1
2 836354.43
3 837609.75
2 838785.88
3 840021.25
2 841190.65
3 842440.78
2 843521.27
3 844752.82
2 845895.99
3 847149.68
2 848297.55
3 849554
2 850758.42
3 852105.52
2 853269.75
3 854414.65
2 855860.98
3 857116.3
2 858292.43
3 859527.8
2 860697.2
3 861947.33
2 863027.82
3 864259.37
2 865402.54
3 866656.23
2 867804.1
3 869060.55
2 870264.97
3 871612.07
2 872776.3
3 873921.2
2 875367.53
3 876622.85
2 877798.98
3 879034.35
2 880203.75
3 881453.88
2 882534.37
3 883765.92
2 884909.09
3 886162.78
2 887310.65
3 888567.1
2 889771.52
3 891118.62
2 892282.85
3 893427.75
2 894874.08
3 896129.4
2 897305.53
3 898540.9
2 899710.3
3 900960.43
2 902040.92
3 903272.47
2 904415.64
3 905669.33
2 906817.2
3 908073.65
2 909278.07
3 910625.17
2 911789.4
3 912934.3
2 914380.63
3 915635.95
2 916812.08
3 918047.45
2 919216.85
3 920466.98
2 921547.47
3 922779.02
2 923922.19
3 925175.88
2 926323.75
3 927580.2
2 928784.62
3 930131.72
2 931295.95
3 932440.85
2 933887.18
3 935142.5
2 936318.63
3 937554
2 938723.4
3 939973.53
2 941054.02
3 942285.57
2 943428.74
3 944682.43
2 945830.3
3 947086.75
2 948291.17
3 949638.27
2 950802.5
3 951947.4
2 953393.73
3 954649.05
2 955825.18
3 957060.55
2 958229.95
3 959480.08
2 960560.57
3 961792.12
2 962935.29
3 964188.98
2 965336.85
3 966593.3
2 967797.72
3 969144.82
2 970309.05
3 971453.95
2 972900.28
3 974155.6
2 975331.73
3 976567.1
2 977736.5
3 978986.63
2 980067.12
3 981298.67
2 982441.84
3 983695.53
2 984843.4
3 986099.85
2 987304.27
3 988651.37
2 989815.6
3 990960.5
2 992406.83
3 993662.15
2 994838.28
3 996073.65
2 997243.05
3 998493.18
2 999573.67
3 1000805.22
2 1001948.39
3 1003202.08
2 1004349.95
3 1005606.4
2 1006810.82
3 1008157.92
2 1009322.15
3 1010467.05
2 1011913.38
3 1013168.7
2 1014344.83
3 1015580.2
2 1016749.6
3 1017999.73
2 1019080.22
3 1020311.77
2 1021454.94
3 1022708.63
2 1023856.5
3 1025112.95
2 1026317.37
3 1027664.47
2 1028828.7
3 1029973.6
2 1031419.93
3 1032675.25
2 1033851.38
3 1035086.75
2 1036256.15
3 1037506.28
2 1038586.77
3 1039818.32
2 1040961.49
3 1042215.18
2 1043363.05
3 1044619.5
2 1045823.92
3 1047171.02
2 1048335.25
3 1049480.15
2 1050926.48
3 1052181.8
2 1053357.93
3 1054593.3
2 1055762.7
3 1057012.83
2 1058093.32
3 1059324.87
2 1060468.04
3 1061721.73
2 1062869.6
3 1064126.05
2 1065330.47
3 1066677.57
2 1067841.8
3 1068986.7
2 1070433.03
3 1071688.35
2 1072864.48
3 1074099.85
2 1075269.25
3 1076519.38
2 1077599.87
3 1078831.42
2 1079974.59
3 1081228.28
2 1082376.15
3 1083632.6
2 1084837.02
3 1086184.12
2 1087348.35
3 1088493.25
2 1089939.58
3 1091194.9
2 1092371.03
3 1093606.4
2 1094775.8
3 1096025.93
2 1097106.42
3 1098337.97
2 1099481.14
3 1100734.83
2 1101882.7
3 1103139.15
2 1104343.57
3 1105690.67
2 1106854.9
3 1107999.8
2 1109446.13
3 1110701.45
2 1111877.58
3 1113112.95
2 1114282.35
3 1115532.48
2 1116612.97
3 1117844.52
2 1118987.69
3 1120241.38
2 1121389.25
3 1122645.7
2 1123850.12
3 1125197.22
2 1126361.45
3 1127506.35
2 1128952.68
3 1130208
2 1131384.13
3 1132619.5
2 1133788.9
3 1135039.03
2 1136119.52
3 1137351.07
2 1138494.24
3 1139747.93
2 1140895.8
3 1142152.25
2 1143356.67
3 1144703.77
2 1145868
3 1147012.9
2 1148459.23
3 1149714.55
2 1150890.68
3 1152126.05
2 1153295.45
3 1154545.58
2 1155626.07
3 1156857.62
2 1158000.79
3 1159254.48
2 1160402.35
3 1161658.8
2 1162863.22
3 1164210.32
2 1165374.55
3 1166519.45
2 1167965.78
3 1169221.1
2 1170397.23
3 1171632.6
2 1172802
3 1174052.13
2 1175132.62
3 1176364.17
2 1177507.34
3 1178761.03
2 1179908.9
3 1181165.35
2 1182369.77
3 1183716.87
2 1184881.1
3 1186026
2 1187472.33
3 1188727.65
2 1189903.78
3 1191139.15
2 1192308.55
3 1193558.68
2 1194639.17
3 1195870.72
2 1197013.89
3 1198267.58
2 1199415.45
3 1200671.9
2 1201876.32
3 1203223.42
2 1204387.65
3 1205532.55
2 1206978.88
3 1208234.2
2 1209410.33
3 1210645.7
2 1211815.1
3 1213065.23
2 1214145.72
3 1215377.27
2 1216520.44
3 1217774.13
2 1218922
3 1220178.45
2 1221382.87
3 1222729.97
2 1223894.2
3 1225039.1
2 1226485.43
3 1227740.75
2 1228916.88
3 1230152.25
2 1231321.65
3 1232571.78
2 1233652.27
3 1234883.82
2 1236026.99
3 1237280.68
2 1238428.55
3 1239685
2 1240889.42
3 1242236.52
2 1243400.75
3 1244545.65
2 1245991.98
3 1247247.3
2 1248423.43
3 1249658.8
2 1250828.2
3 1252078.33
2 1253158.82
3 1254390.37
2 1255533.54
3 1256787.23
2 1257935.1
3 1259191.55
2 1260395.97
3 1261743.07
2 1262907.3
3 1264052.2
2 1265498.53
3 1266753.85
2 1267929.98
3 1269165.35
2 1270334.75
3 1271584.88
2 1272665.37
3 1273896.92
2 1275040.09
3 1276293.78
2 1277441.65
3 1278698.1
2 1279902.52
3 1281249.62
2 1282413.85
3 1283558.75
2 1285005.08
3 1286260.4
2 1287436.53
3 1288671.9
2 1289841.3
3 1291091.43
2 1292171.92
3 1293403.47
2 1294546.64
3 1295800.33
2 1296948.2
3 1298204.65
2 1299409.07
3 1300756.17
2 1301920.4
3 1303065.3
2 1304511.63
3 1305766.95
2 1306943.08
3 1308178.45
2 1309347.85
3 1310597.98
2 1311678.47
3 1312910.02
2 1314053.19
3 1315306.88
2 1316454.75
3 1317711.2
2 1318915.62
3 1320262.72
2 1321426.95
3 1322571.85
2 1324018.18
3 1325273.5
2 1326449.63
3 1327685
2 1328854.4
3 1330104.53
2 1331185.02
3 1332416.57
2 1333559.74
3 1334813.43
2 1335961.3
3 1337217.75
2 1338422.17
3 1339769.27
2 1340933.5
3 1342078.4
2 1343524.73
3 1344780.05
2 1345956.18
3 1347191.55
2 1348360.95
3 1349611.08
2 1350691.57
3 1351923.12
2 1353066.29
3 1354319.98
2 1355467.85
3 1356724.3
2 1357928.72
3 1359275.82
2 1360440.05
3 1361584.95
2 1363031.28
3 1364286.6
2 1365462.73
3 1366698.1
2 1367867.5
3 1369117.63
2 1370198.12
3 1371429.67
2 1372572.84
3 1373826.53
2 1374974.4
3 1376230.85
2 1377435.27
3 1378782.37
2 1379946.6
3 1381091.5
2 1382537.83
3 1383793.15
2 1384969.28
3 1386204.65
2 1387374.05
3 1388624.18
2 1389704.67
3 1390936.22
2 1392079.39
3 1393333.08
2 1394480.95
3 1395737.4
2 1396941.82
3 1398288.92
2 1399453.15
3 1400598.05
2 1402044.38
3 1403299.7
2 1404475.83
3 1405711.2
2 1406880.6
3 1408130.73
2 1409211.22
3 1410442.77
2 1411585.94
3 1412839.63
2 1413987.5
3 1415243.95
2 1416448.37
3 1417795.47
2 1418959.7
3 1420104.6
2 1421550.93
3 1422806.25
2 1423982.38
3 1425217.75
2 1426387.15
3 1427637.28
2 1428717.77
3 1429949.32
2 1431092.49
3 1432346.18
2 1433494.05
3 1434750.5
2 1435954.92
3 1437302.02
2 1438466.25
3 1439611.15
2 1441057.48
3 1442312.8
2 1443488.93
3 1444724.3
2 1445893.7
3 1447143.83
2 1448224.32
3 1449455.87
2 1450599.04
3 1451852.73
2 1453000.6
3 1454257.05
2 1455461.47
3 1456808.57
2 1457972.8
3 1459117.7
2 1460564.03
3 1461819.35
2 1462995.48
3 1464230.85
2 1465400.25
3 1466650.38
2 1467730.87
3 1468962.42
2 1470105.59
3 1471359.28
2 1472507.15
3 1473763.6
2 1474968.02
3 1476315.12
2 1477479.35
3 1478624.25
2 1480070.58
3 1481325.9
2 1482502.03
3 1483737.4
2 1484906.8
3 1486156.93
2 1487237.42
3 1488468.97
2 1489612.14
3 1490865.83
2 1492013.7
3 1493270.15
2 1494474.57
3 1495821.67
2 1496985.9
3 1498130.8
2 1499577.13
3 1500832.45
2 1502008.58
3 1503243.95
2 1504413.35
3 1505663.48
2 1506743.97
3 1507975.52
2 1509118.69
3 1510372.38
2 1511520.25
3 1512776.7
2 1513981.12
3 1515328.22
2 1516492.45
3 1517637.35
2 1519083.68
3 1520339
2 1521515.13
3 1522750.5
2 1523919.9
3 1525170.03
2 1526250.52
3 1527482.07
2 1528625.24
3 1529878.93
2 1531026.8
3 1532283.25
2 1533487.67
3 1534834.77
2 1535999
3 1537143.9
2 1538590.23
3 1539845.55
2 1541021.68
3 1542257.05
2 1543426.45
3 1544676.58
2 1545757.07
3 1546988.62
2 1548131.79
3 1549385.48
2 1550533.35
3 1551789.8
2 1552994.22
3 1554341.32
2 1555505.55
3 1556650.45
2 1558096.78
3 1559352.1
2 1560528.23
3 1561763.6
2 1562933
3 1564183.13
2 1565263.62
3 1566495.17
2 1567638.34
3 1568892.03
2 1570039.9
3 1571296.35
2 1572500.77
3 1573847.87
2 1575012.1
3 1576157
2 1577603.33
3 1578858.65
2 1580034.78
3 1581270.15
2 1582439.55
3 1583689.68
2 1584770.17
3 1586001.72
2 1587144.89
3 1588398.58
2 1589546.45
3 1590802.9
2 1592007.32
3 1593354.42
2 1594518.65
3 1595663.55
2 1597109.88
3 1598365.2
2 1599541.33
3 1600776.7
2 1601946.1
3 1603196.23
2 1604276.72
3 1605508.27
2 1606651.44
3 1607905.13
2 1609053
3 1610309.45
2 1611513.87
3 1612860.97
2 1614025.2
3 1615170.1
2 1616616.43
3 1617871.75
2 1619047.88
3 1620283.25
2 1621452.65
3 1622702.78
2 1623783.27
3 1625014.82
2 1626157.99
3 1627411.68
2 1628559.55
3 1629816
2 1631020.42
3 1632367.52
2 1633531.75
3 1634676.65
2 1636122.98
3 1637378.3
2 1638554.43
3 1639789.8
2 1640959.2
3 1642209.33
2 1643289.82
3 1644521.37
2 1645664.54
3 1646918.23
2 1648066.1
3 1649322.55
2 1650526.97
3 1651874.07
2 1653038.3
3 1654183.2
2 1655629.53
3 1656884.85
2 1658060.98
3 1659296.35
2 1660465.75
3 1661715.88
2 1662796.37
3 1664027.92
2 1665171.09
3 1666424.78
2 1667572.65
3 1668829.1
2 1670033.52
3 1671380.62
2 1672544.85
3 1673689.75
2 1675136.08
3 1676391.4
2 1677567.53
3 1678802.9
2 1679972.3
3 1681222.43
2 1682302.92
3 1683534.47
2 1684677.64
3 1685931.33
2 1687079.2
3 1688335.65
2 1689540.07
3 1690887.17
2 1692051.4
3 1693196.3
2 1694642.63
3 1695897.95
2 1697074.08
3 1698309.45
2 1699478.85
3 1700728.98
2 1701809.47
3 1703041.02
2 1704184.19
3 1705437.88
2 1706585.75
3 1707842.2
2 1709046.62
3 1710393.72
2 1711557.95
3 1712702.85
2 1714149.18
3 1715404.5
2 1716580.63
3 1717816
2 1718985.4
3 1720235.53
2 1721316.02
3 1722547.57
2 1723690.74
3 1724944.43
2 1726092.3
3 1727348.75
2 1728553.17
3 1729900.27
2 1731064.5
3 1732209.4
2 1733655.73
3 1734911.05
2 1736087.18
3 1737322.55
2 1738491.95
3 1739742.08
2 1740822.57
3 1742054.12
2 1743197.29
3 1744450.98
2 1745598.85
3 1746855.3
2 1748059.72
3 1749406.82
2 1750571.05
3 1751715.95
2 1753162.28
3 1754417.6
2 1755593.73
3 1756829.1
2 1757998.5
3 1759248.63
2 1760329.12
3 1761560.67
2 1762703.84
3 1763957.53
2 1765105.4
3 1766361.85
2 1767566.27
3 1768913.37
2 1770077.6
3 1771222.5
2 1772668.83
3 1773924.15
2 1775100.28
3 1776335.65
2 1777505.05
3 1778755.18
2 1779835.67
3 1781067.22
2 1782210.39
3 1783464.08
2 1784611.95
3 1785868.4
2 1787072.82
3 1788419.92
2 1789584.15
3 1790729.05
2 1792175.38
3 1793430.7
2 1794606.83
3 1795842.2
2 1797011.6
3 1798261.73
2 1799342.22
3 1800573.77
2 1801716.94
3 1802970.63
2 1804118.5
3 1805374.95
2 1806579.37
3 1807926.47
2 1809090.7
3 1810235.6
2 1811681.93
3 1812937.25
2 1814113.38
3 1815348.75
2 1816518.15
3 1817768.28
2 1818848.77
3 1820080.32
2 1821223.49
3 1822477.18
2 1823625.05
3 1824881.5
2 1826085.92
3 1827433.02
2 1828597.25
3 1829742.15
2 1831188.48
3 1832443.8
2 1833619.93
3 1834855.3
2 1836024.7
3 1837274.83
2 1838355.32
3 1839586.87
2 1840730.04
3 1841983.73
2 1843131.6
3 1844388.05
2 1845592.47
3 1846939.57
2 1848103.8
3 1849248.7
2 1850695.03
3 1851950.35
2 1853126.48
3 1854361.85
2 1855531.25
3 1856781.38
2 1857861.87
3 1859093.42
2 1860236.59
3 1861490.28
2 1862638.15
3 1863894.6
2 1865099.02
3 1866446.12
2 1867610.35
3 1868755.25
2 1870201.58
3 1871456.9
2 1872633.03
3 1873868.4
2 1875037.8
3 1876287.93
2 1877368.42
3 1878599.97
2 1879743.14
3 1880996.83
2 1882144.7
3 1883401.15
2 1884605.57
3 1885952.67
2 1887116.9
3 1888261.8
2 1889708.13
3 1890963.45
2 1892139.58
3 1893374.95
2 1894544.35
3 1895794.48
2 1896874.97
3 1898106.52
2 1899249.69
3 1900503.38
2 1901651.25
3 1902907.7
2 1904112.12
3 1905459.22
2 1906623.45
3 1907768.35
2 1909214.68
3 1910470
2 1911646.13
3 1912881.5
2 1914050.9
3 1915301.03
2 1916381.52
3 1917613.07
2 1918756.24
3 1920009.93
2 1921157.8
3 1922414.25
2 1923618.67
3 1924965.77
2 1926130
3 1927274.9
2 1928721.23
3 1929976.55
2 1931152.68
3 1932388.05
2 1933557.45
3 1934807.58
2 1935888.07
3 1937119.62
2 1938262.79
3 1939516.48
2 1940664.35
3 1941920.8
2 1943125.22
3 1944472.32
2 1945636.55
3 1946781.45
2 1948227.78
3 1949483.1
