2 42.3
3 3396
2 6090
3 9591.3
2 11396.2
3 14711.7
2 17143.4
3 20680.3
2 23159
3 26723.5
2 29751.8
3 32200.8
2 37664.1
3 41217.3
2 43964.3
3 47770.9
2 50334.1
3 53687.8
2 56381.8
3 59883.1
2 61688
3 65003.5
2 67435.2
3 70972.1
2 73450.8
3 77015.3
2 80043.6
3 82492.6
2 87955.9
3 91509.1
2 94256.1
3 98062.7
2 100625.9
3 103979.6
2 106673.6
3 110174.9
2 111979.8
3 115295.3
2 117727
3 121263.9
2 123742.6
3 127307.1
2 130335.4
3 132784.4
2 138247.7
3 141800.9
2 144547.9
3 148354.5
2 150917.7
3 154271.4
2 156965.4
3 160466.7
2 162271.6
3 165587.1
2 168018.8
3 171555.7
2 174034.4
3 177598.9
2 180627.2
3 183076.2
2 188539.5
3 192092.7
2 194839.7
3 198646.3
2 201209.5
3 204563.2
2 207257.2
3 210758.5
2 212563.4
3 215878.9
2 218310.6
3 221847.5
2 224326.2
3 227890.7
2 230919
3 233368
2 238831.3
3 242384.5
2 245131.5
3 248938.1
2 251501.3
3 254855
2 257549
3 261050.3
2 262855.2
3 266170.7
2 268602.4
3 272139.3
2 274618
3 278182.5
2 281210.8
3 283659.8
2 289123.1
3 292676.3
2 295423.3
3 299229.9
2 301793.1
3 305146.8
2 307840.8
3 311342.1
2 313147
3 316462.5
2 318894.2
3 322431.1
2 324909.8
3 328474.3
2 331502.6
3 333951.6
2 339414.9
3 342968.1
2 345715.1
3 349521.7
2 352084.9
3 355438.6
2 358132.6
3 361633.9
2 363438.8
3 366754.3
2 369186
3 372722.9
2 375201.6
3 378766.1
2 381794.4
3 384243.4
2 389706.7
3 393259.9
2 396006.9
3 399813.5
2 402376.7
3 405730.4
2 408424.4
3 411925.7
2 413730.6
3 417046.1
2 419477.8
3 423014.7
2 425493.4
3 429057.9
2 432086.2
3 434535.2
2 439998.5
3 443551.7
2 446298.7
3 450105.3
2 452668.5
3 456022.2
2 458716.2
3 462217.5
2 464022.4
3 467337.9
2 469769.6
3 473306.5
2 475785.2
3 479349.7
2 482378
3 484827
2 490290.3
3 493843.5
2 496590.5
3 500397.1
2 502960.3
3 506314
2 509008
3 512509.3
2 514314.2
3 517629.7
2 520061.4
3 523598.3
2 526077
3 529641.5
2 532669.8
3 535118.8
2 540582.1
3 544135.3
2 546882.3
3 550688.9
2 553252.1
3 556605.8
2 559299.8
3 562801.1
2 564606
3 567921.5
2 570353.2
3 573890.1
2 576368.8
3 579933.3
2 582961.6
3 585410.6
2 590873.9
3 594427.1
2 597174.1
3 600980.7
2 603543.9
3 606897.6
2 609591.6
3 613092.9
2 614897.8
3 618213.3
2 620645
3 624181.9
2 626660.6
3 630225.1
2 633253.4
3 635702.4
2 641165.7
3 644718.9
2 647465.9
3 651272.5
2 653835.7
3 657189.4
2 659883.4
3 663384.7
2 665189.6
3 668505.1
2 670936.8
3 674473.7
2 676952.4
3 680516.9
2 683545.2
3 685994.2
2 691457.5
3 695010.7
2 697757.7
3 701564.3
2 704127.5
3 707481.2
2 710175.2
3 713676.5
2 715481.4
3 718796.9
2 721228.6
3 724765.5
2 727244.2
3 730808.7
2 733837
3 736286
2 741749.3
3 745302.5
2 748049.5
3 751856.1
2 754419.3
3 757773
2 760467
3 763968.3
2 765773.2
3 769088.7
2 771520.4
3 775057.3
2 777536
3 781100.5
2 784128.8
3 786577.8
2 792041.1
3 795594.3
2 798341.3
3 802147.9
2 804711.1
3 808064.8
2 810758.8
3 814260.1
2 816065
3 819380.5
2 821812.2
3 825349.1
2 827827.8
3 831392.3
2 834420.6
3 836869.6
2 842332.9
3 845886.1
2 848633.1
3 852439.7
2 855002.9
3 858356.6
2 861050.6
3 864551.9
2 866356.8
3 869672.3
2 872104
3 875640.9
2 878119.6
3 881684.1
2 884712.4
3 887161.4
2 892624.7
3 896177.9
2 898924.9
3 902731.5
2 905294.7
3 908648.4
2 911342.4
3 914843.7
2 916648.6
3 919964.1
2 922395.8
3 925932.7
2 928411.4
3 931975.9
2 935004.2
3 937453.2
2 942916.5
3 946469.7
2 949216.7
3 953023.3
2 955586.5
3 958940.2
2 961634.2
3 965135.5
2 966940.4
3 970255.9
2 972687.6
3 976224.5
2 978703.2
3 982267.7
2 985296
3 987745
2 993208.3
3 996761.5
2 999508.5
3 1003315.1
2 1005878.3
3 1009232
2 1011926
3 1015427.3
2 1017232.2
3 1020547.7
2 1022979.4
3 1026516.3
2 1028995
3 1032559.5
2 1035587.8
3 1038036.8
2 1043500.1
3 1047053.3
2 1049800.3
3 1053606.9
2 1056170.1
3 1059523.8
2 1062217.8
3 1065719.1
2 1067524
3 1070839.5
2 1073271.2
3 1076808.1
2 1079286.8
3 1082851.3
2 1085879.6
3 1088328.6
2 1093791.9
3 1097345.1
2 1100092.1
3 1103898.7
2 1106461.9
3 1109815.6
2 1112509.6
3 1116010.9
2 1117815.8
3 1121131.3
2 1123563
3 1127099.9
2 1129578.6
3 1133143.1
2 1136171.4
3 1138620.4
2 1144083.7
3 1147636.9
2 1150383.9
3 1154190.5
2 1156753.7
3 1160107.4
2 1162801.4
3 1166302.7
2 1168107.6
3 1171423.1
2 1173854.8
3 1177391.7
2 1179870.4
3 1183434.9
2 1186463.2
3 1188912.2
2 1194375.5
3 1197928.7
2 1200675.7
3 1204482.3
2 1207045.5
3 1210399.2
2 1213093.2
3 1216594.5
2 1218399.4
3 1221714.9
2 1224146.6
3 1227683.5
2 1230162.2
3 1233726.7
2 1236755
3 1239204
2 1244667.3
3 1248220.5
2 1250967.5
3 1254774.1
2 1257337.3
3 1260691
2 1263385
3 1266886.3
2 1268691.2
3 1272006.7
2 1274438.4
3 1277975.3
2 1280454
3 1284018.5
2 1287046.8
3 1289495.8
2 1294959.1
3 1298512.3
2 1301259.3
3 1305065.9
2 1307629.1
3 1310982.8
2 1313676.8
3 1317178.1
2 1318983
3 1322298.5
2 1324730.2
3 1328267.1
2 1330745.8
3 1334310.3
2 1337338.6
3 1339787.6
2 1345250.9
3 1348804.1
2 1351551.1
3 1355357.7
2 1357920.9
3 1361274.6
2 1363968.6
3 1367469.9
2 1369274.8
3 1372590.3
2 1375022
3 1378558.9
2 1381037.6
3 1384602.1
2 1387630.4
3 1390079.4
2 1395542.7
3 1399095.9
2 1401842.9
3 1405649.5
2 1408212.7
3 1411566.4
2 1414260.4
3 1417761.7
2 1419566.6
3 1422882.1
2 1425313.8
3 1428850.7
2 1431329.4
3 1434893.9
2 1437922.2
3 1440371.2
2 1445834.5
3 1449387.7
2 1452134.7
3 1455941.3
2 1458504.5
3 1461858.2
2 1464552.2
3 1468053.5
2 1469858.4
3 1473173.9
2 1475605.6
3 1479142.5
2 1481621.2
3 1485185.7
2 1488214
3 1490663
2 1496126.3
3 1499679.5
2 1502426.5
3 1506233.1
2 1508796.3
3 1512150
2 1514844
3 1518345.3
2 1520150.2
3 1523465.7
2 1525897.4
3 1529434.3
2 1531913
3 1535477.5
2 1538505.8
3 1540954.8
2 1546418.1
3 1549971.3
2 1552718.3
3 1556524.9
2 1559088.1
3 1562441.8
2 1565135.8
3 1568637.1
2 1570442
3 1573757.5
2 1576189.2
3 1579726.1
2 1582204.8
3 1585769.3
2 1588797.6
3 1591246.6
2 1596709.9
3 1600263.1
2 1603010.1
3 1606816.7
2 1609379.9
3 1612733.6
2 1615427.6
3 1618928.9
2 1620733.8
3 1624049.3
2 1626481
3 1630017.9
2 1632496.6
3 1636061.1
2 1639089.4
3 1641538.4
2 1647001.7
3 1650554.9
2 1653301.9
3 1657108.5
2 1659671.7
3 1663025.4
2 1665719.4
3 1669220.7
2 1671025.6
3 1674341.1
2 1676772.8
3 1680309.7
2 1682788.4
3 1686352.9
2 1689381.2
3 1691830.2
2 1697293.5
3 1700846.7
2 1703593.7
3 1707400.3
2 1709963.5
3 1713317.2
2 1716011.2
3 1719512.5
2 1721317.4
3 1724632.9
2 1727064.6
3 1730601.5
2 1733080.2
3 1736644.7
2 1739673
3 1742122
2 1747585.3
3 1751138.5
2 1753885.5
3 1757692.1
2 1760255.3
3 1763609
2 1766303
3 1769804.3
2 1771609.2
3 1774924.7
2 1777356.4
3 1780893.3
2 1783372
3 1786936.5
2 1789964.8
3 1792413.8
2 1797877.1
3 1801430.3
2 1804177.3
3 1807983.9
2 1810547.1
3 1813900.8
2 1816594.8
3 1820096.1
2 1821901
3 1825216.5
2 1827648.2
3 1831185.1
2 1833663.8
3 1837228.3
2 1840256.6
3 1842705.6
2 1848168.9
3 1851722.1
2 1854469.1
3 1858275.7
2 1860838.9
3 1864192.6
2 1866886.6
3 1870387.9
2 1872192.8
3 1875508.3
2 1877940
3 1881476.9
2 1883955.6
3 1887520.1
2 1890548.4
3 1892997.4
2 1898460.7
3 1902013.9
2 1904760.9
3 1908567.5
2 1911130.7
3 1914484.4
2 1917178.4
3 1920679.7
2 1922484.6
3 1925800.1
2 1928231.8
3 1931768.7
2 1934247.4
3 1937811.9
2 1940840.2
3 1943289.2
2 1948752.5
3 1952305.7
2 1955052.7
3 1958859.3
2 1961422.5
3 1964776.2
2 1967470.2
3 1970971.5
2 1972776.4
3 1976091.9
2 1978523.6
3 1982060.5
2 1984539.2
3 1988103.7
2 1991132
3 1993581
2 1999044.3
3 2002597.5
2 2005344.5
3 2009151.1
2 2011714.3
3 2015068
2 2017762
3 2021263.3
2 2023068.2
3 2026383.7
2 2028815.4
3 2032352.3
2 2034831
3 2038395.5
2 2041423.8
3 2043872.8
2 2049336.1
3 2052889.3
2 2055636.3
3 2059442.9
2 2062006.1
3 2065359.8
2 2068053.8
3 2071555.1
2 2073360
3 2076675.5
2 2079107.2
3 2082644.1
2 2085122.8
3 2088687.3
2 2091715.6
3 2094164.6
2 2099627.9
3 2103181.1
2 2105928.1
3 2109734.7
2 2112297.9
3 2115651.6
2 2118345.6
3 2121846.9
2 2123651.8
3 2126967.3
2 2129399
3 2132935.9
2 2135414.6
3 2138979.1
2 2142007.4
3 2144456.4
2 2149919.7
3 2153472.9
2 2156219.9
3 2160026.5
2 2162589.7
3 2165943.4
2 2168637.4
3 2172138.7
2 2173943.6
3 2177259.1
2 2179690.8
3 2183227.7
2 2185706.4
3 2189270.9
2 2192299.2
3 2194748.2
2 2200211.5
3 2203764.7
2 2206511.7
3 2210318.3
2 2212881.5
3 2216235.2
2 2218929.2
3 2222430.5
2 2224235.4
3 2227550.9
2 2229982.6
3 2233519.5
2 2235998.2
3 2239562.7
2 2242591
3 2245040
2 2250503.3
3 2254056.5
2 2256803.5
3 2260610.1
2 2263173.3
3 2266527
2 2269221
3 2272722.3
2 2274527.2
3 2277842.7
2 2280274.4
3 2283811.3
2 2286290
3 2289854.5
2 2292882.8
3 2295331.8
2 2300795.1
3 2304348.3
2 2307095.3
3 2310901.9
2 2313465.1
3 2316818.8
2 2319512.8
3 2323014.1
2 2324819
3 2328134.5
2 2330566.2
3 2334103.1
2 2336581.8
3 2340146.3
2 2343174.6
3 2345623.6
2 2351086.9
3 2354640.1
2 2357387.1
3 2361193.7
2 2363756.9
3 2367110.6
2 2369804.6
3 2373305.9
2 2375110.8
3 2378426.3
2 2380858
3 2384394.9
2 2386873.6
3 2390438.1
2 2393466.4
3 2395915.4
2 2401378.7
3 2404931.9
2 2407678.9
3 2411485.5
2 2414048.7
3 2417402.4
2 2420096.4
3 2423597.7
2 2425402.6
3 2428718.1
2 2431149.8
3 2434686.7
2 2437165.4
3 2440729.9
2 2443758.2
3 2446207.2
2 2451670.5
3 2455223.7
2 2457970.7
3 2461777.3
2 2464340.5
3 2467694.2
2 2470388.2
3 2473889.5
2 2475694.4
3 2479009.9
2 2481441.6
3 2484978.5
2 2487457.2
3 2491021.7
2 2494050
3 2496499
2 2501962.3
3 2505515.5
2 2508262.5
3 2512069.1
2 2514632.3
3 2517986
2 2520680
3 2524181.3
2 2525986.2
3 2529301.7
2 2531733.4
3 2535270.3
2 2537749
3 2541313.5
2 2544341.8
3 2546790.8
2 2552254.1
3 2555807.3
2 2558554.3
3 2562360.9
2 2564924.1
3 2568277.8
2 2570971.8
3 2574473.1
2 2576278
3 2579593.5
2 2582025.2
3 2585562.1
2 2588040.8
3 2591605.3
2 2594633.6
3 2597082.6
2 2602545.9
3 2606099.1
2 2608846.1
3 2612652.7
2 2615215.9
3 2618569.6
2 2621263.6
3 2624764.9
2 2626569.8
3 2629885.3
2 2632317
3 2635853.9
2 2638332.6
3 2641897.1
2 2644925.4
3 2647374.4
2 2652837.7
3 2656390.9
2 2659137.9
3 2662944.5
2 2665507.7
3 2668861.4
2 2671555.4
3 2675056.7
2 2676861.6
3 2680177.1
2 2682608.8
3 2686145.7
2 2688624.4
3 2692188.9
2 2695217.2
3 2697666.2
2 2703129.5
3 2706682.7
2 2709429.7
3 2713236.3
2 2715799.5
3 2719153.2
2 2721847.2
3 2725348.5
2 2727153.4
3 2730468.9
2 2732900.6
3 2736437.5
2 2738916.2
3 2742480.7
2 2745509
3 2747958
2 2753421.3
3 2756974.5
2 2759721.5
3 2763528.1
2 2766091.3
3 2769445
2 2772139
3 2775640.3
2 2777445.2
3 2780760.7
2 2783192.4
3 2786729.3
2 2789208
3 2792772.5
2 2795800.8
3 2798249.8
2 2803713.1
3 2807266.3
2 2810013.3
3 2813819.9
2 2816383.1
3 2819736.8
2 2822430.8
3 2825932.1
2 2827737
3 2831052.5
2 2833484.2
3 2837021.1
2 2839499.8
3 2843064.3
2 2846092.6
3 2848541.6
2 2854004.9
3 2857558.1
2 2860305.1
3 2864111.7
2 2866674.9
3 2870028.6
2 2872722.6
3 2876223.9
2 2878028.8
3 2881344.3
2 2883776
3 2887312.9
2 2889791.6
3 2893356.1
2 2896384.4
3 2898833.4
2 2904296.7
3 2907849.9
2 2910596.9
3 2914403.5
2 2916966.7
3 2920320.4
2 2923014.4
3 2926515.7
2 2928320.6
3 2931636.1
2 2934067.8
3 2937604.7
2 2940083.4
3 2943647.9
2 2946676.2
3 2949125.2
2 2954588.5
3 2958141.7
2 2960888.7
3 2964695.3
2 2967258.5
3 2970612.2
2 2973306.2
3 2976807.5
2 2978612.4
3 2981927.9
2 2984359.6
3 2987896.5
2 2990375.2
3 2993939.7
2 2996968
3 2999417
2 3004880.3
3 3008433.5
2 3011180.5
3 3014987.1
2 3017550.3
3 3020904
2 3023598
3 3027099.3
2 3028904.2
3 3032219.7
2 3034651.4
3 3038188.3
2 3040667
3 3044231.5
2 3047259.8
3 3049708.8
2 3055172.1
3 3058725.3
2 3061472.3
3 3065278.9
2 3067842.1
3 3071195.8
2 3073889.8
3 3077391.1
2 3079196
3 3082511.5
2 3084943.2
3 3088480.1
2 3090958.8
3 3094523.3
2 3097551.6
3 3100000.6
2 3105463.9
3 3109017.1
2 3111764.1
3 3115570.7
2 3118133.9
3 3121487.6
2 3124181.6
3 3127682.9
2 3129487.8
3 3132803.3
2 3135235
3 3138771.9
2 3141250.6
3 3144815.1
2 3147843.4
3 3150292.4
2 3155755.7
3 3159308.9
2 3162055.9
3 3165862.5
2 3168425.7
3 3171779.4
2 3174473.4
3 3177974.7
2 3179779.6
3 3183095.1
2 3185526.8
3 3189063.7
2 3191542.4
3 3195106.9
2 3198135.2
3 3200584.2
2 3206047.5
3 3209600.7
2 3212347.7
3 3216154.3
2 3218717.5
3 3222071.2
2 3224765.2
3 3228266.5
2 3230071.4
3 3233386.9
2 3235818.6
3 3239355.5
2 3241834.2
3 3245398.7
2 3248427
3 3250876
2 3256339.3
3 3259892.5
2 3262639.5
3 3266446.1
2 3269009.3
3 3272363
2 3275057
3 3278558.3
2 3280363.2
3 3283678.7
2 3286110.4
3 3289647.3
2 3292126
3 3295690.5
2 3298718.8
3 3301167.8
2 3306631.1
3 3310184.3
2 3312931.3
3 3316737.9
2 3319301.1
3 3322654.8
2 3325348.8
3 3328850.1
2 3330655
3 3333970.5
2 3336402.2
3 3339939.1
2 3342417.8
3 3345982.3
2 3349010.6
3 3351459.6
2 3356922.9
3 3360476.1
2 3363223.1
3 3367029.7
2 3369592.9
3 3372946.6
2 3375640.6
3 3379141.9
2 3380946.8
3 3384262.3
2 3386694
3 3390230.9
2 3392709.6
3 3396274.1
2 3399302.4
3 3401751.4
2 3407214.7
3 3410767.9
2 3413514.9
3 3417321.5
2 3419884.7
3 3423238.4
2 3425932.4
3 3429433.7
2 3431238.6
3 3434554.1
2 3436985.8
3 3440522.7
2 3443001.4
3 3446565.9
2 3449594.2
3 3452043.2
2 3457506.5
3 3461059.7
2 3463806.7
3 3467613.3
2 3470176.5
3 3473530.2
2 3476224.2
3 3479725.5
2 3481530.4
3 3484845.9
2 3487277.6
3 3490814.5
2 3493293.2
3 3496857.7
2 3499886
3 3502335
2 3507798.3
3 3511351.5
2 3514098.5
3 3517905.1
2 3520468.3
3 3523822
2 3526516
3 3530017.3
2 3531822.2
3 3535137.7
2 3537569.4
3 3541106.3
2 3543585
3 3547149.5
2 3550177.8
3 3552626.8
2 3558090.1
3 3561643.3
2 3564390.3
3 3568196.9
2 3570760.1
3 3574113.8
2 3576807.8
3 3580309.1
2 3582114
3 3585429.5
2 3587861.2
3 3591398.1
2 3593876.8
3 3597441.3
2 3600469.6
3 3602918.6
2 3608381.9
3 3611935.1
2 3614682.1
3 3618488.7
2 3621051.9
3 3624405.6
2 3627099.6
3 3630600.9
2 3632405.8
3 3635721.3
2 3638153
3 3641689.9
2 3644168.6
3 3647733.1
2 3650761.4
3 3653210.4
2 3658673.7
3 3662226.9
2 3664973.9
3 3668780.5
2 3671343.7
3 3674697.4
2 3677391.4
3 3680892.7
2 3682697.6
3 3686013.1
2 3688444.8
3 3691981.7
2 3694460.4
3 3698024.9
2 3701053.2
3 3703502.2
2 3708965.5
3 3712518.7
2 3715265.7
3 3719072.3
2 3721635.5
3 3724989.2
2 3727683.2
3 3731184.5
2 3732989.4
3 3736304.9
2 3738736.6
3 3742273.5
2 3744752.2
3 3748316.7
2 3751345
3 3753794
2 3759257.3
3 3762810.5
2 3765557.5
3 3769364.1
2 3771927.3
3 3775281
2 3777975
3 3781476.3
2 3783281.2
3 3786596.7
2 3789028.4
3 3792565.3
2 3795044
3 3798608.5
2 3801636.8
3 3804085.8
2 3809549.1
3 3813102.3
2 3815849.3
3 3819655.9
2 3822219.1
3 3825572.8
2 3828266.8
3 3831768.1
2 3833573
3 3836888.5
2 3839320.2
3 3842857.1
2 3845335.8
3 3848900.3
2 3851928.6
3 3854377.6
2 3859840.9
3 3863394.1
2 3866141.1
3 3869947.7
2 3872510.9
3 3875864.6
2 3878558.6
3 3882059.9
2 3883864.8
3 3887180.3
2 3889612
3 3893148.9
2 3895627.6
3 3899192.1
2 3902220.4
3 3904669.4
2 3910132.7
3 3913685.9
2 3916432.9
3 3920239.5
2 3922802.7
3 3926156.4
2 3928850.4
3 3932351.7
2 3934156.6
3 3937472.1
2 3939903.8
3 3943440.7
2 3945919.4
3 3949483.9
2 3952512.2
3 3954961.2
2 3960424.5
3 3963977.7
2 3966724.7
3 3970531.3
2 3973094.5
3 3976448.2
2 3979142.2
3 3982643.5
2 3984448.4
3 3987763.9
2 3990195.6
3 3993732.5
2 3996211.2
3 3999775.7
2 4002804
3 4005253
2 4010716.3
3 4014269.5
2 4017016.5
3 4020823.1
2 4023386.3
3 4026740
2 4029434
3 4032935.3
2 4034740.2
3 4038055.7
2 4040487.4
3 4044024.3
2 4046503
3 4050067.5
2 4053095.8
3 4055544.8
2 4061008.1
3 4064561.3
2 4067308.3
3 4071114.9
2 4073678.1
3 4077031.8
2 4079725.8
3 4083227.1
2 4085032
3 4088347.5
2 4090779.2
3 4094316.1
2 4096794.8
3 4100359.3
2 4103387.6
3 4105836.6
2 4111299.9
3 4114853.1
2 4117600.1
3 4121406.7
2 4123969.9
3 4127323.6
2 4130017.6
3 4133518.9
2 4135323.8
3 4138639.3
2 4141071
3 4144607.9
2 4147086.6
3 4150651.1
2 4153679.4
3 4156128.4
2 4161591.7
3 4165144.9
2 4167891.9
3 4171698.5
2 4174261.7
3 4177615.4
2 4180309.4
3 4183810.7
2 4185615.6
3 4188931.1
2 4191362.8
3 4194899.7
2 4197378.4
3 4200942.9
2 4203971.2
3 4206420.2
2 4211883.5
3 4215436.7
2 4218183.7
3 4221990.3
2 4224553.5
3 4227907.2
2 4230601.2
3 4234102.5
2 4235907.4
3 4239222.9
2 4241654.6
3 4245191.5
2 4247670.2
3 4251234.7
2 4254263
3 4256712
2 4262175.3
3 4265728.5
2 4268475.5
3 4272282.1
2 4274845.3
3 4278199
2 4280893
3 4284394.3
2 4286199.2
3 4289514.7
2 4291946.4
3 4295483.3
2 4297962
3 4301526.5
2 4304554.8
3 4307003.8
2 4312467.1
3 4316020.3
2 4318767.3
3 4322573.9
2 4325137.1
3 4328490.8
2 4331184.8
3 4334686.1
2 4336491
3 4339806.5
2 4342238.2
3 4345775.1
2 4348253.8
3 4351818.3
2 4354846.6
3 4357295.6
2 4362758.9
3 4366312.1
2 4369059.1
3 4372865.7
2 4375428.9
3 4378782.6
2 4381476.6
3 4384977.9
2 4386782.8
3 4390098.3
2 4392530
3 4396066.9
2 4398545.6
3 4402110.1
2 4405138.4
3 4407587.4
2 4413050.7
3 4416603.9
2 4419350.9
3 4423157.5
2 4425720.7
3 4429074.4
2 4431768.4
3 4435269.7
2 4437074.6
3 4440390.1
2 4442821.8
3 4446358.7
2 4448837.4
3 4452401.9
2 4455430.2
3 4457879.2
2 4463342.5
3 4466895.7
2 4469642.7
3 4473449.3
2 4476012.5
3 4479366.2
2 4482060.2
3 4485561.5
2 4487366.4
3 4490681.9
2 4493113.6
3 4496650.5
2 4499129.2
3 4502693.7
2 4505722
3 4508171
2 4513634.3
3 4517187.5
2 4519934.5
3 4523741.1
2 4526304.3
3 4529658
2 4532352
3 4535853.3
2 4537658.2
3 4540973.7
2 4543405.4
3 4546942.3
2 4549421
3 4552985.5
2 4556013.8
3 4558462.8
2 4563926.1
3 4567479.3
2 4570226.3
3 4574032.9
2 4576596.1
3 4579949.8
2 4582643.8
3 4586145.1
2 4587950
3 4591265.5
2 4593697.2
3 4597234.1
2 4599712.8
3 4603277.3
2 4606305.6
3 4608754.6
2 4614217.9
3 4617771.1
2 4620518.1
3 4624324.7
2 4626887.9
3 4630241.6
2 4632935.6
3 4636436.9
2 4638241.8
3 4641557.3
2 4643989
3 4647525.9
2 4650004.6
3 4653569.1
2 4656597.4
3 4659046.4
2 4664509.7
3 4668062.9
2 4670809.9
3 4674616.5
2 4677179.7
3 4680533.4
2 4683227.4
3 4686728.7
2 4688533.6
3 4691849.1
2 4694280.8
3 4697817.7
2 4700296.4
3 4703860.9
2 4706889.2
3 4709338.2
2 4714801.5
3 4718354.7
2 4721101.7
3 4724908.3
2 4727471.5
3 4730825.2
2 4733519.2
3 4737020.5
2 4738825.4
3 4742140.9
2 4744572.6
3 4748109.5
2 4750588.2
3 4754152.7
2 4757181
3 4759630
2 4765093.3
3 4768646.5
2 4771393.5
3 4775200.1
2 4777763.3
3 4781117
2 4783811
3 4787312.3
2 4789117.2
3 4792432.7
2 4794864.4
3 4798401.3
2 4800880
3 4804444.5
2 4807472.8
3 4809921.8
2 4815385.1
3 4818938.3
2 4821685.3
3 4825491.9
2 4828055.1
3 4831408.8
2 4834102.8
3 4837604.1
2 4839409
3 4842724.5
2 4845156.2
3 4848693.1
2 4851171.8
3 4854736.3
2 4857764.6
3 4860213.6
2 4865676.9
3 4869230.1
2 4871977.1
3 4875783.7
2 4878346.9
3 4881700.6
2 4884394.6
3 4887895.9
2 4889700.8
3 4893016.3
2 4895448
3 4898984.9
2 4901463.6
3 4905028.1
2 4908056.4
3 4910505.4
2 4915968.7
3 4919521.9
2 4922268.9
3 4926075.5
2 4928638.7
3 4931992.4
2 4934686.4
3 4938187.7
2 4939992.6
3 4943308.1
2 4945739.8
3 4949276.7
2 4951755.4
3 4955319.9
2 4958348.2
3 4960797.2
2 4966260.5
3 4969813.7
2 4972560.7
3 4976367.3
2 4978930.5
3 4982284.2
2 4984978.2
3 4988479.5
2 4990284.4
3 4993599.9
2 4996031.6
3 4999568.5
2 5002047.2
3 5005611.7
2 5008640
3 5011089
2 5016552.3
3 5020105.5
2 5022852.5
3 5026659.1
