5 7.93
5 2003.99
5 4003.17
5 5983.34
5 7989.89
5 9986.65
5 11989.28
5 14004.8
5 15986.91
5 17957.27
5 19960.57
5 21966.91
5 23957.36
5 25965.53
5 27961.26
5 29932.89
5 31929.52
5 33931.27
5 35950.12
5 37909.26
5 39906.12
5 41906.57
5 43909.36
5 45887.71
5 47894.29
5 49903.26
5 51881.25
5 53882.16
5 55883.58
5 57887.11
5 59885.86
5 61880.51
5 63878.8
5 65880.17
5 67865.85
5 69874.28
5 71865.69
5 73838.18
5 75824
5 77795.47
5 79793.23
6 81824
6 83802.87
6 85782.61
6 87785.69
6 89780.25
6 91783.37
6 93766.38
6 95786.54
6 97772.89
6 99785.03
6 101771.86
6 103769.2
6 105771.72
6 107746.71
6 109754.48
6 111747.19
6 113736.52
6 115751.56
6 117740.3
6 119738.68
6 121729.41
6 123710.4
6 125726.69
6 127698.81
6 129665.35
6 131656.4
6 133658.47
6 135667.92
6 137642.65
6 139639.79
6 141633.98
6 143639.8
6 145643.86
6 147625.59
6 149604.41
6 151605.44
6 153605.99
6 155615.41
6 157589.16
6 159595.38
6 161611.35
6 163610.47
6 165580.95
6 167583.72
6 169594.61
6 171565.47
6 173586.29
6 175558.05
6 177558.13
6 179567.21
