19 12 581
22 14 1703
13 25 2625
22 14 4358
29 19 4838
18 11 5453
15 20 6130
23 2 6189
11 14 6460
11 24 6792
34 23 6968
12 25 7309
4 20 7568
14 12 7602
9 22 7740
14 25 8334
10 23 8678
16 11 8717
19 13 8823
13 21 8970
16 24 9113
16 1 9881
24 16 9911
22 13 10318
19 11 10417
9 21 10560
22 18 10753
20 14 10813
15 5 11058
18 9 11421
15 11 11549
9 23 11580
20 13 11691
19 22 11978
22 14 12178
12 14 12252
14 21 12385
10 24 12646
18 23 12661
17 11 12723
15 24 12844
21 20 13179
20 10 13240
6 10 13242
17 24 13276
17 23 13323
8 22 13440
13 25 13540
23 15 13724
13 8 13803
12 13 14086
8 21 14265
16 5 14479
11 24 14811
14 13 14825
12 21 14988
13 20 15104
15 12 15129
11 15 15213
17 8 15253
16 11 15313
13 13 15371
16 25 15684
20 22 15715
19 9 16025
12 24 16158
16 24 16174
17 19 16244
15 25 16259
14 20 16300
17 11 16379
18 11 16388
12 8 16696
34 15 16783
31 13 16907
21 11 16932
18 19 17221
10 23 17284
19 12 17295
13 7 17412
12 9 17496
15 20 17731
11 21 17731
14 25 18096
12 25 18335
19 23 18469
14 21 18588
10 15 19146
18 9 19270
12 22 19345
22 13 19379
21 21 19416
13 21 19450
22 20 19450
22 19 19655
20 10 19680
12 14 19903
9 20 20072
9 23 20093
18 23 20098
15 21 20116
19 14 20143
12 15 20198
13 25 20206
16 20 20278
17 5 20314
8 16 20693
11 24 20709
14 8 20795
13 9 20924
17 11 20957
16 11 20974
16 6 21000
11 25 21148
21 19 21206
20 11 21248
17 9 21338
17 6 21342
13 13 21384
11 15 21433
10 24 21493
20 23 21835
9 24 21868
20 14 21944
17 24 21949
15 25 21993
15 24 22004
19 22 22027
14 25 22220
1 8 22246
20 15 22359
18 18 22442
19 13 22537
16 25 22586
14 13 22606
14 21 22626
15 12 22718
19 11 22790
21 12 22929
19 23 23005
15 5 23155
20 13 23186
19 19 23372
9 12 23374
18 12 23404
18 11 23425
14 12 23484
15 13 23492
19 18 23518
20 18 23539
16 21 23578
17 20 23649
16 12 23654
12 9 23825
20 22 23909
12 25 23959
16 24 24067
9 22 24121
14 26 24131
19 12 24264
17 25 24288
19 10 24327
13 8 24369
13 14 24380
14 6 24403
12 22 24442
13 21 24456
11 22 24542
13 22 24555
17 12 24594
22 12 24605
15 21 24709
19 9 24792
23 19 24837
12 21 24885
10 25 24981
13 25 24988
16 6 25055
23 13 25215
10 12 25309
12 10 25468
32 10 25474
15 6 25483
13 26 25490
20 11 25493
10 13 25512
22 13 25557
18 19 25631
17 7 25798
8 12 25815
15 25 25821
12 14 25891
13 24 25960
8 22 26068
14 21 26080
16 5 26089
10 10 26094
18 10 26113
16 25 26119
11 9 26201
21 13 26239
19 23 26396
18 24 26528
17 11 26542
22 19 26549
11 24 26572
11 25 26677
18 23 26687
10 24 26717
15 12 26754
20 9 26857
13 9 26859
17 19 26859
17 24 26869
14 25 26894
22 21 26921
13 13 27001
18 13 27053
11 16 27402
12 15 27456
14 13 27518
18 6 27537
21 21 27573
11 21 27626
17 12 27626
8 23 27663
1 34 27746
19 10 27767
20 10 27778
11 11 27779
14 26 27832
17 8 27860
11 15 27903
20 23 27954
18 12 28034
12 25 28085
18 9 28127
12 9 28151
9 24 28151
13 14 28158
19 14 28194
19 28 28248
13 26 28248
9 23 28250
16 6 28299
16 7 28357
21 11 28380
9 17 28451
12 26 28471
16 12 28515
15 25 28531
12 22 28592
20 11 28682
19 23 28711
17 9 28721
13 21 28816
20 14 28818
14 14 28882
15 21 28938
14 8 28959
19 19 28979
20 15 29126
16 21 29169
15 13 29236
17 25 29246
19 13 29285
14 21 29309
10 25 29335
12 24 29365
14 7 29437
13 22 29494
16 25 29571
21 12 29583
23 16 29619
11 22 29662
19 12 29670
18 10 29695
18 24 30063
17 12 30063
11 25 30096
12 14 30149
22 19 30255
9 13 30320
12 10 30382
16 20 30399
23 17 30441
13 14 30447
15 22 30468
14 22 30486
17 24 30486
21 15 30499
15 12 30505
13 26 30521
14 26 30556
12 15 30571
15 7 30653
23 4 30704
22 14 30862
19 10 31124
20 22 31211
13 8 31230
18 19 31246
15 6 31246
17 20 31328
11 16 31346
23 15 31370
23 18 31391
21 13 31406
10 13 31450
20 23 31497
16 12 31628
15 25 31648
18 12 31649
17 21 31658
10 24 31686
13 9 31692
14 13 31816
12 26 31827
18 20 31934
21 20 31973
20 11 32007
16 7 32017
19 23 32037
12 9 32141
12 25 32144
9 24 32235
16 25 32328
17 23 32329
11 10 32410
16 6 32418
18 13 32420
12 22 32427
11 26 32428
21 21 32445
15 22 32461
12 23 32543
27 1 32544
13 14 32566
13 22 32578
12 8 32662
17 12 32663
17 13 32685
15 13 32723
15 26 32725
17 6 32726
17 25 32728
19 24 32841
14 26 32855
19 18 32861
14 25 32866
19 19 32896
21 22 32910
16 13 32943
17 7 32944
13 26 33003
10 25 33010
18 24 33118
20 18 33120
18 10 33145
22 20 33219
15 14 33288
11 11 33289
8 21 33345
22 13 33386
14 22 33399
15 21 33430
14 21 33484
14 15 33485
12 16 33501
14 14 33550
20 21 33592
10 12 33624
19 13 33660
9 25 33720
11 16 33771
16 21 33872
12 15 33881
11 25 33923
8 24 33959
20 14 33984
13 15 34014
16 7 34136
10 11 34167
11 22 34195
17 24 34209
12 10 34222
19 14 34236
11 23 34399
16 22 34456
15 22 34456
14 8 34463
19 11 34499
17 10 34560
11 12 34618
13 21 34659
20 23 34659
12 26 34739
15 7 34753
13 14 34755
20 17 34798
8 17 34828
20 15 34829
13 25 34944
18 12 34945
19 10 34976
12 23 34979
20 19 35044
16 19 35047
16 25 35115
13 9 35269
16 12 35294
13 22 35308
17 13 35365
15 13 35397
15 26 35434
9 24 35457
14 22 35465
17 25 35478
20 11 35499
19 24 35536
20 24 35588
14 9 35608
8 23 35642
21 12 35642
14 26 35644
13 27 35915
10 13 35957
10 25 35983
13 26 36030
18 13 36043
16 26 36079
20 12 36152
8 22 36159
18 8 36176
16 13 36210
22 14 36227
11 26 36241
22 20 36249
12 27 36305
16 7 36306
18 24 36351
13 10 36392
17 12 36448
11 27 36452
15 22 36455
18 20 36492
22 15 36540
9 23 36554
14 14 36649
11 16 36690
12 22 36795
12 16 36812
18 10 36906
17 8 36934
15 6 37026
12 10 37126
23 14 37138
12 15 37197
19 9 37198
20 16 37225
10 16 37231
15 14 37234
9 13 37300
13 15 37310
22 21 37321
16 22 37324
19 20 37347
14 7 37371
11 15 37376
23 18 37381
12 23 37398
13 23 37399
18 21 37400
18 9 37424
14 22 37425
11 17 37445
11 23 37480
17 13 37532
19 15 37575
12 25 37589
12 11 37621
11 11 37625
19 11 37625
19 24 37625
21 22 37640
15 27 37656
15 12 37678
14 27 37698
17 20 37709
15 8 37728
15 26 37741
17 25 37778
22 18 37839
15 7 37863
19 19 37899
21 14 37922
10 14 37938
18 25 37938
17 21 37944
12 21 37951
20 24 37951
21 13 38057
14 6 38076
9 25 38076
12 26 38077
10 24 38078
13 14 38107
23 19 38150
22 19 38166
14 15 38181
21 21 38219
15 13 38291
20 23 38294
18 14 38319
13 22 38333
13 27 38380
9 18 38421
16 26 38423
16 13 38505
15 22 38515
18 13 38567
11 26 38594
9 14 38606
17 26 38653
22 20 38695
19 13 38762
16 21 38765
10 25 39194
17 13 39229
12 27 39241
13 9 39262
17 7 39264
16 7 39270
20 15 39270
14 14 39339
20 12 39376
13 15 39390
16 27 39422
12 16 39431
15 14 39492
14 10 39535
20 22 39598
19 24 39601
11 16 39653
12 23 39706
11 12 39708
14 22 39710
11 10 39797
19 10 39833
20 10 39834
10 26 39834
19 14 39842
11 17 39878
20 19 39885
14 26 39950
11 22 40008
14 27 40023
18 24 40054
14 19 40063
14 8 40148
11 23 40153
16 14 40204
18 20 40208
13 10 40211
10 12 40217
20 24 40311
16 22 40332
17 9 40347
15 27 40370
13 27 40409
18 19 40433
13 23 40435
18 25 40450
22 15 40468
23 15 40525
16 13 40551
10 13 40578
20 11 40578
19 11 40581
11 27 40647
9 19 40706
15 8 40713
14 9 40738
15 26 40750
16 26 40761
16 23 40767
14 23 40776
14 15 40776
21 23 40846
21 22 40854
15 7 40865
12 10 40882
9 24 40888
19 12 40922
22 21 40948
18 21 40956
11 26 41079
15 23 41098
17 25 41127
13 8 41191
22 20 41196
12 17 41226
16 8 41243
19 25 41263
18 13 41276
17 10 41290
13 16 41296
9 26 41329
17 13 41377
12 11 41395
11 11 41412
12 27 41413
12 26 41477
17 11 41543
21 11 41567
13 15 41568
15 14 41580
16 27 41628
20 18 41650
19 20 41680
9 25 41752
22 14 41763
18 11 41779
13 11 41795
12 16 41796
11 13 42039
11 17 42088
14 27 42106
18 14 42130
21 12 42217
19 24 42244
17 8 42268
14 14 42297
15 27 42331
20 24 42332
12 9 42339
13 27 42340
15 15 42391
23 20 42444
18 26 42502
17 26 42547
8 24 42549
15 22 42551
18 25 42583
14 7 42614
14 22 42630
10 14 42646
12 24 42671
11 24 42674
20 12 42677
13 28 42692
20 23 42771
12 23 42891
14 23 42897
16 23 42922
13 23 42988
21 24 42989
21 14 43021
14 15 43041
23 19 43041
15 8 43056
10 26 43066
19 12 43096
9 22 43105
13 22 43118
23 16 43119
17 21 43125
9 15 43159
12 15 43167
16 26 43181
16 14 43184
11 27 43215
8 25 43263
16 22 43273
19 25 43278
21 15 43311
22 21 43413
15 13 43418
16 13 43474
18 21 43527
17 22 43540
16 27 43547
20 16 43583
12 27 43596
17 34 43617
8 18 43743
9 14 43749
19 14 43753
13 15 43763
19 21 43789
20 20 43790
15 14 43882
11 12 43908
15 23 43930
12 28 43934
16 25 43984
13 10 44009
16 8 44048
15 27 44069
17 13 44099
21 13 44105
10 27 44179
14 10 44231
14 10 44231
13 16 44234
22 15 44241
17 14 44251
12 17 44276
20 13 44280
11 16 44283
21 21 44285
12 11 44311
19 11 44316
19 16 44316
22 16 44374
21 23 44418
11 17 44429
19 15 44446
18 20 44503
10 13 44504
14 8 44539
13 27 44583
14 27 44586
13 28 44588
18 25 44607
11 26 44610
18 14 44622
15 7 44645
13 9 44680
21 22 44680
22 22 44681
9 26 44683
17 27 44693
21 18 44701
18 26 44710
11 18 44771
20 24 44794
13 11 44909
20 19 44914
9 17 44949
23 17 44960
14 23 44963
19 25 44981
12 12 45009
12 16 45014
10 15 45038
13 24 45068
14 9 45176
15 26 45189
10 8 45204
15 15 45230
17 26 45238
11 27 45246
18 11 45275
19 12 45278
10 25 45291
15 8 45301
21 16 45312
16 27 45321
14 15 45336
16 23 45350
11 24 45352
16 14 45391
22 21 45401
18 22 45511
13 23 45571
12 24 45681
19 20 45872
12 27 45887
18 21 45926
11 13 45955
10 26 46013
13 28 46092
15 27 46094
15 14 46106
13 16 46109
17 23 46121
15 28 46135
14 14 46158
9 19 46231
20 25 46255
15 23 46382
11 14 46441
16 21 46453
14 16 46511
17 9 46542
12 28 46543
9 25 46599
12 17 46608
16 8 46651
17 8 46669
17 14 46670
16 26 46677
15 9 46690
19 25 46716
18 14 46728
9 20 46799
19 21 46821
18 26 46886
9 15 46892
20 13 46945
21 23 46955
16 22 46992
20 12 46999
11 18 47019
9 18 47025
16 7 47172
18 7 47187
14 23 47188
12 11 47214
21 25 47232
10 27 47269
21 14 47344
16 14 47353
21 15 47354
15 15 47390
18 25 47391
19 19 47407
17 20 47421
16 27 47458
17 27 47468
17 11 47470
11 11 47491
23 21 47510
12 18 47590
22 21 47608
18 10 47619
19 12 47631
22 16 47651
17 26 47660
13 27 47673
13 16 47701
22 20 47709
11 27 47727
14 22 47732
10 14 47761
13 28 47787
19 14 47788
14 27 47792
17 22 47852
11 17 47894
20 24 47900
16 9 47906
15 6 47914
23 19 47926
13 24 47937
14 24 47971
22 14 47972
15 28 47973
15 8 47995
13 11 48009
12 26 48015
21 24 48059
16 23 48088
17 21 48094
20 20 48139
14 10 48156
13 10 48160
14 28 48190
10 12 48229
12 24 48247
11 24 48285
13 23 48352
15 21 48360
20 21 48372
18 22 48376
12 12 48383
11 12 48388
17 6 48502
19 11 48537
14 11 48559
22 15 48559
18 21 48584
9 26 48640
13 12 48724
22 22 48815
18 26 48826
17 14 48834
19 13 48846
18 14 48847
15 27 48851
20 25 48866
16 15 48866
10 15 48878
21 22 48879
12 17 48933
12 27 48977
11 18 48978
19 18 48979
19 25 48991
11 28 49023
19 26 49060
9 24 49073
10 26 49103
14 16 49104
16 20 49112
12 28 49118
19 10 49156
8 20 49190
10 13 49230
20 26 49234
14 9 49275
20 16 49305
15 23 49308
17 23 49315
15 14 49346
16 14 49347
23 20 49358
16 24 49375
16 28 49388
13 16 49417
9 16 49427
14 15 49453
23 15 49459
16 8 49490
17 27 49502
11 13 49512
19 15 49533
13 28 49558
15 15 49578
21 23 49579
18 11 49591
8 19 49715
11 14 49715
15 28 49796
14 23 49843
15 9 49849
19 21 49859
20 13 49873
13 17 49945
17 12 49988
10 27 50101
14 24 50123
23 16 50191
12 11 50254
16 9 50285
15 24 50313
11 19 50321
18 15 50334
17 26 50406
17 28 50411
11 27 50417
15 10 50427
14 28 50434
12 18 50535
21 24 50541
19 20 50637
13 24 50644
9 19 50653
20 19 50692
18 26 50759
9 20 50787
18 25 50794
18 12 50817
19 12 50821
20 19 50866
19 26 50906
8 21 50915
18 27 50967
22 16 51002
14 11 51003
16 27 51016
18 22 51020
12 24 51108
13 11 51151
11 18 51188
22 22 51227
20 25 51238
12 12 51249
20 21 51279
9 15 51280
17 9 51304
19 13 51312
14 16 51355
13 12 51381
17 27 51389
21 25 51416
15 28 51445
14 10 51452
14 17 51476
22 21 51519
16 28 51545
19 16 51594
16 23 51686
20 26 51687
17 14 51691
15 15 51722
16 15 51760
16 24 51806
13 17 51830
13 16 51835
21 13 51839
11 10 51844
18 20 51864
17 22 51865
18 14 51951
18 21 51972
12 28 51990
13 23 52058
17 23 52098
22 23 52098
16 14 52114
21 19 52160
10 15 52161
11 14 52206
10 14 52222
14 24 52288
12 17 52345
14 29 52365
15 29 52391
16 9 52436
15 9 52447
11 19 52455
13 15 52465
23 22 52484
21 24 52491
11 28 52512
19 26 52535
20 20 52548
23 21 52573
12 18 52624
13 28 52655
12 13 52657
13 25 52712
11 15 52764
22 24 52808
17 28 52809
18 23 52913
11 13 52922
21 23 52944
15 16 52988
15 24 53020
14 28 53060
19 21 53061
23 20 53319
17 15 53335
11 25 53339
17 27 53383
13 10 53412
15 28 53443
9 17 53444
14 11 53487
22 22 53494
9 18 53496
13 24 53508
18 27 53512
16 8 53516
14 16 53554
18 26 53595
18 22 53630
16 28 53651
20 26 53652
13 17 53678
13 12 53723
11 12 53744
20 21 53753
12 25 53785
20 25 53809
13 29 53819
19 22 53843
12 12 53859
14 12 53871
18 15 53871
16 24 53875
15 10 53916
9 20 53943
15 23 53963
16 15 53984
9 19 54037
16 22 54175
11 19 54193
19 26 54274
21 24 54279
9 16 54284
14 17 54345
21 25 54382
15 8 54383
12 18 54439
19 15 54449
19 13 54514
10 16 54541
10 27 54564
9 21 54571
17 23 54681
16 29 54696
20 13 54801
14 24 54830
17 28 54839
16 9 54840
11 14 54843
14 29 54873
8 21 54897
11 18 54898
22 24 55005
12 11 55056
13 11 55060
18 28 55106
14 25 55134
8 20 55172
18 23 55175
17 26 55215
15 29 55230
12 24 55249
13 17 55261
15 16 55263
20 22 55264
15 15 55296
14 9 55306
18 12 55306
23 22 55318
14 10 55360
13 25 55371
23 21 55401
17 15 55447
20 26 55465
12 28 55495
8 22 55515
12 19 55568
21 20 55575
12 13 55582
16 28 55594
15 24 55664
22 23 55719
14 11 55762
17 21 55765
15 25 55801
19 23 55807
14 23 55812
18 27 55813
21 25 55889
14 28 55897
22 22 55900
21 24 55912
17 24 55917
16 15 55917
15 9 55963
20 21 55984
12 14 55988
17 27 56000
11 15 56035
12 18 56104
13 27 56117
9 22 56143
23 20 56165
16 24 56179
19 26 56187
14 16 56204
14 12 56211
18 13 56221
18 15 56260
10 15 56308
15 17 56308
14 17 56350
17 22 56351
11 19 56355
11 28 56365
20 20 56384
12 29 56414
13 18 56417
12 27 56426
17 14 56480
16 25 56495
17 8 56512
16 16 56526
19 27 56534
13 29 56598
15 10 56630
17 28 56658
15 28 56729
22 24 56844
20 25 56849
19 22 56858
20 14 56873
21 14 56904
11 13 56905
22 25 56932
13 24 56944
14 29 57048
13 17 57095
15 16 57138
20 12 57212
23 21 57230
17 16 57237
10 17 57243
9 20 57256
23 22 57291
16 10 57307
15 11 57388
20 26 57470
20 19 57501
11 21 57506
21 25 57590
23 19 57602
18 28 57677
15 29 57683
21 12 57720
9 27 57744
21 24 57769
9 19 57770
18 23 57774
14 8 57804
17 15 57815
12 25 57838
12 12 57847
16 9 57927
17 9 57943
20 22 57943
9 17 57955
17 23 57976
12 19 57999
16 29 58010
11 14 58046
14 25 58070
21 21 58116
15 25 58165
13 25 58177
12 26 58177
16 28 58181
17 11 58201
22 23 58231
13 25 58258
21 19 58259
12 10 58288
16 15 58326
12 18 58414
19 23 58431
18 27 58507
17 28 58525
13 13 58538
13 18 58562
10 18 58565
18 24 58566
14 11 58566
20 21 58576
9 21 58585
17 24 58615
12 20 58637
9 18 58659
20 18 58661
14 12 58663
23 23 58681
14 17 58698
12 13 58711
10 16 58781
22 24 58782
19 28 58808
12 14 58815
19 26 58859
18 9 58878
15 17 58879
11 23 58938
21 26 58963
21 20 59009
13 12 59020
11 24 59028
19 27 59048
9 23 59052
16 6 59087
15 24 59133
15 10 59154
11 15 59165
21 23 59245
23 22 59339
23 21 59358
14 29 59377
15 16 59391
9 16 59438
8 24 59501
16 16 59513
15 29 59521
22 17 59558
18 29 59560
16 24 59586
10 19 59647
11 20 59669
24 21 59675
20 26 59741
14 28 59760
18 22 59805
8 21 59831
19 21 59908
10 14 59911
16 25 59936
20 27 59992
23 20 60025
11 22 60053
19 22 60077
12 19 60078
14 10 60089
18 15 60127
19 15 60140
15 12 60143
21 24 60198
18 28 60255
20 22 60291
11 21 60314
13 17 60326
14 13 60342
9 22 60412
24 22 60429
12 15 60437
14 24 60444
17 12 60465
15 11 60473
10 11 60478
16 10 60478
17 10 60512
10 17 60515
17 28 60558
10 28 60595
17 25 60644
13 29 60669
19 20 60697
9 20 60757
15 25 60757
14 25 60786
18 23 60829
19 14 60829
22 14 60842
8 14 60842
22 23 60843
16 29 60858
11 29 60871
13 18 60872
21 25 60891
11 16 60934
24 16 60936
18 21 60962
17 29 61012
10 20 61045
17 16 61110
15 17 61207
13 26 61222
14 17 61358
19 23 61397
11 23 61402
21 26 61405
17 15 61413
13 25 61421
16 28 61441
11 24 61443
19 27 61446
14 26 61552
21 21 61556
23 23 61575
22 25 61586
12 14 61598
18 27 61603
13 13 61624
10 15 61632
15 29 61669
17 24 61680
14 12 61687
18 24 61761
14 30 61784
23 22 61835
20 23 61864
16 15 61993
18 16 62019
9 19 62069
13 19 62105
12 20 62105
17 23 62180
8 22 62192
12 19 62244
11 20 62295
23 19 62309
12 26 62332
12 29 62351
12 29 62352
16 16 62352
24 20 62353
11 15 62355
12 13 62359
22 24 62389
20 27 62402
10 18 62410
15 9 62492
10 21 62585
15 10 62619
14 29 62715
16 17 62728
13 14 62739
12 25 62758
16 25 62809
24 21 62809
19 16 62841
19 28 62864
20 22 62897
14 18 62985
11 22 62992
10 16 63001
20 21 63054
11 28 63167
18 28 63260
15 16 63301
9 21 63319
8 23 63383
23 21 63395
11 21 63484
9 23 63575
17 25 63595
20 14 63640
8 19 63685
17 28 63725
23 23 63757
13 23 63766
21 20 63766
20 20 63796
9 24 63803
16 29 63852
19 22 63928
12 15 63934
2 15 63947
21 26 63958
15 25 63961
17 16 63988
16 10 63989
10 17 63995
17 29 64002
15 17 64045
15 11 64064
22 25 64078
14 25 64099
14 13 64100
19 27 64159
18 29 64194
24 19 64320
14 26 64345
20 27 64398
15 12 64474
15 29 64510
13 26 64532
11 25 64559
15 24 64589
11 16 64632
13 18 64678
12 20 64693
24 22 64733
13 13 64774
13 19 64841
17 10 64843
13 30 64845
10 19 64947
14 30 64974
12 14 65003
18 24 65052
17 22 65123
9 22 65129
10 20 65164
19 28 65179
19 23 65232
16 16 65250
12 19 65260
24 21 65271
21 27 65276
23 22 65324
17 24 65492
14 11 65559
11 20 65562
20 23 65566
21 21 65587
14 12 65650
20 25 65689
16 25 65770
14 18 65786
16 11 65806
23 23 65808
12 21 65826
11 24 65949
11 13 65958
20 22 65968
13 25 65989
15 30 65991
16 17 65999
12 28 66000
22 24 66069
21 22 66079
24 23 66120
18 16 66197
10 18 66268
16 29 66290
20 27 66455
14 19 66457
11 23 66467
22 23 66469
23 24 66489
23 17 66494
21 26 66512
13 14 66529
18 28 66576
11 17 66579
12 20 66585
22 25 66722
17 25 66728
11 22 66758
17 16 66767
17 29 66770
15 17 66804
9 26 66864
18 29 66894
22 26 66900
11 15 66939
13 29 67002
15 13 67020
12 26 67046
18 23 67053
13 19 67244
14 26 67275
19 16 67289
21 10 67322
17 17 67346
10 21 67489
19 14 67490
14 13 67582
12 15 67598
19 28 67605
15 26 67804
9 18 67839
16 30 67911
10 16 68036
15 18 68039
19 27 68047
14 30 68069
12 29 68131
14 18 68221
10 22 68234
15 11 68266
15 10 68288
16 10 68296
10 17 68297
21 27 68363
12 20 68400
12 13 68504
13 13 68509
9 24 68572
15 29 68639
15 12 68690
9 23 68692
9 20 68698
18 24 68721
16 17 68733
15 25 68813
20 27 68878
13 26 68893
16 16 68901
11 16 68902
18 27 68972
21 20 69006
12 16 69037
14 25 69050
14 17 69053
18 15 69059
12 14 69091
19 24 69157
18 16 69179
24 21 69245
12 23 69287
20 23 69310
14 16 69311
9 25 69315
23 20 69366
21 19 69377
20 19 69396
16 11 69402
24 22 69517
16 9 69582
22 21 69628
16 25 69634
17 29 69658
21 26 69682
19 22 69734
20 21 69777
11 18 69797
18 29 69824
20 28 69898
21 22 69904
20 22 69933
13 20 69934
15 30 69958
11 17 69986
17 16 70019
10 20 70096
16 29 70098
23 23 70111
12 19 70167
17 25 70299
10 19 70318
13 19 70342
20 14 70458
13 14 70459
21 21 70460
19 29 70476
13 15 70508
8 24 70537
17 10 70546
12 21 70562
19 28 70652
19 31 70687
9 22 70697
14 19 70816
9 17 70838
14 18 70869
21 18 70904
12 20 70965
23 25 71152
22 25 71288
24 23 71344
14 26 71438
10 18 71556
23 24 71570
24 19 71674
21 27 71822
19 31 71886
20 27 71933
10 25 71988
17 24 72098
22 27 72104
25 21 72190
16 17 72228
24 20 72236
15 13 72243
15 18 72441
18 16 72530
22 26 72600
21 23 72611
12 22 72719
12 15 72749
24 22 72799
18 25 72905
22 20 72940
10 27 72950
18 12 72971
16 30 72998
20 26 73194
9 19 73241
17 17 73338
10 21 73396
19 31 73566
10 22 73591
11 22 73610
18 24 73686
17 29 73694
11 16 73759
14 13 73774
13 13 73800
23 22 73851
24 21 73885
21 22 74005
23 19 74040
9 24 74041
15 26 74096
15 17 74138
11 17 74150
14 12 74151
18 13 74156
15 12 74277
9 26 74364
10 24 74448
15 30 74461
14 18 74477
23 18 74676
9 23 74716
21 26 74870
16 16 74874
14 14 75098
19 24 75358
10 23 75484
24 24 75571
13 28 75635
21 27 75775
23 25 75936
9 25 75942
22 21 75970
20 23 75982
24 23 76013
18 17 76053
25 22 76077
13 20 76080
22 24 76355
16 25 76399
10 17 76426
12 17 76449
18 29 76457
24 19 76603
24 22 76717
20 28 76770
24 20 76795
23 24 76867
11 18 76970
16 26 77178
12 23 77216
12 21 77251
10 20 77325
16 11 77406
15 11 77407
22 26 77458
16 17 77546
22 16 77634
20 24 77678
14 28 78383
8 16 78386
17 26 78400
18 16 78406
21 25 78452
24 18 78521
13 27 78736
19 27 78749
5 34 78897
14 19 78901
12 16 79602
13 18 79671
10 19 79711
9 21 79890
16 18 80369
12 24 80760
19 16 81105
18 12 81138
23 12 81149
20 18 81221
10 16 81568
18 25 82591
11 16 82852
8 16 82883
21 17 83187
21 27 83213
26 10 84763
18 11 85672
24 20 86806
8 16 89495
8 17 90053
21 19 91630
21 18 92237
9 27 92452
19 15 92603
19 16 92868
23 17 93157
19 14 93467
20 15 94126
16 8 94994
19 8 94996
23 18 95389
22 17 95760
14 15 96252
22 19 96809
10 25 97009
8 16 97419
22 16 98156
21 24 98170
24 18 98210
21 15 98212
12 22 99312
18 29 99480
22 20 100360
12 26 100416
10 26 100709
10 27 101321
11 28 101458
15 7 101746
20 17 102234
18 16 102337
14 30 102385
20 14 102805
9 24 102943
19 12 103360
24 19 104157
19 16 104751
12 23 105408
22 15 105502
21 20 105541
19 31 105628
18 11 105803
12 25 105844
18 13 105984
21 21 106219
17 29 106279
32 31 106565
21 18 106570
12 21 106755
12 24 106967
19 31 107285
15 5 107324
10 24 107488
8 16 107543
21 17 107658
22 26 107764
12 22 108243
11 19 108308
23 24 109093
10 18 109588
19 13 109705
10 22 109790
29 29 109943
8 23 110061
25 21 110349
19 29 110382
23 17 110693
9 25 110700
21 22 110786
9 22 110852
10 21 110912
12 23 110973
28 32 111299
10 25 111344
10 23 111710
24 17 111796
31 34 111880
25 19 112295
24 22 112477
12 26 112501
22 18 112563
25 20 112619
12 14 112753
12 24 112845
11 17 112854
10 20 112951
12 25 113089
13 15 113190
11 15 113236
9 23 113316
12 21 113341
18 29 113406
23 16 113582
24 21 113603
9 26 113758
11 27 113893
19 12 113985
22 21 114142
12 22 114192
23 26 114207
13 19 114343
21 14 114453
8 16 114532
11 18 114765
13 29 114910
24 20 115012
23 25 115022
22 19 115087
21 23 115195
25 23 115384
22 27 115489
13 14 115521
10 26 115660
18 12 115773
15 13 115810
25 22 115904
25 21 115912
24 23 115960
12 23 116097
21 19 116099
22 22 116112
12 29 116140
10 24 116296
10 27 116310
19 14 116404
22 20 116558
13 21 116799
24 18 116814
19 11 116846
12 17 116898
11 19 116990
22 15 116995
12 15 117017
12 28 117225
13 20 117320
22 26 117504
12 16 117600
16 11 117643
11 28 117704
10 25 117750
21 17 117766
19 13 117786
23 26 117799
25 18 117853
21 18 118046
10 19 118087
15 12 118103
14 19 118220
24 24 118225
8 16 118291
26 21 118327
19 28 118467
19 23 118514
11 16 118568
10 23 118685
12 24 118693
22 25 118728
13 22 118738
14 18 118796
25 19 118869
12 25 118883
11 27 118918
13 26 118947
16 12 118998
19 25 119079
23 16 119111
23 17 119119
19 24 119264
19 12 119360
23 24 119399
10 22 119409
13 23 119417
22 21 119439
24 19 119473
20 28 119504
13 15 119586
23 15 119599
23 25 119612
26 20 119938
22 18 119989
16 15 120072
22 19 120165
25 22 120172
11 18 120221
20 18 120295
11 20 120319
25 20 120345
11 6 120399
19 29 120499
11 29 120539
24 22 120633
21 28 120664
25 21 120721
17 11 120748
2 14 120786
14 14 120844
24 25 120845
13 21 120902
11 21 120910
17 17 121054
19 13 121103
10 24 121192
24 17 121304
19 11 121406
25 23 121447
22 15 121467
25 19 121520
20 12 121553
10 25 121593
23 16 121609
22 27 121725
22 20 121783
21 17 121919
21 23 121952
15 14 121972
20 14 121999
13 20 122004
23 26 122008
11 19 122020
19 12 122027
21 22 122067
12 23 122079
14 19 122088
12 17 122175
11 17 122220
20 24 122246
15 18 122260
25 22 122296
16 17 122321
20 16 122399
11 27 122403
11 26 122544
13 27 122575
25 18 122615
10 28 122671
14 15 122720
26 21 122722
10 21 122777
20 13 122782
22 22 122853
8 22 122855
23 27 122855
13 25 122904
23 17 122919
13 16 122959
12 28 122980
16 13 122988
15 13 123006
24 23 123007
13 22 123014
21 18 123088
14 20 123088
24 24 123122
11 28 123291
21 16 123334
24 18 123346
23 20 123346
25 20 123352
12 22 123377
13 24 123380
23 21 123429
13 14 123462
10 23 123527
18 28 123548
10 26 123609
25 19 123691
23 16 123724
23 25 123746
22 18 123761
11 22 123791
12 16 123940
23 26 123985
13 23 124031
13 26 124050
23 19 124075
23 15 124111
13 21 124127
19 14 124258
14 30 124259
17 16 124303
11 23 124371
24 17 124377
22 15 124404
19 11 124419
16 11 124422
12 18 124423
16 10 124436
13 28 124438
22 19 124454
25 22 124506
12 25 124532
21 15 124622
22 21 124663
13 30 124747
9 24 124821
12 19 125007
25 23 125182
26 20 125189
17 12 125197
25 21 125267
11 21 125385
11 24 125548
14 19 125579
17 17 125649
13 22 125678
11 18 125682
15 19 125713
24 25 125744
11 25 125778
18 10 125834
21 14 125881
13 29 125900
19 25 125934
13 20 126017
24 16 126042
10 24 126147
13 25 126153
13 24 126158
17 11 126168
20 22 126238
24 24 126341
10 25 126348
13 21 126371
14 29 126434
19 12 126439
13 15 126447
25 17 126486
11 27 126508
19 10 126586
22 26 126588
25 20 126618
13 23 126635
23 16 126672
21 21 126732
20 12 126775
11 20 126787
12 20 126811
25 18 126812
25 19 126825
20 14 126937
22 14 126949
20 11 126957
22 18 127016
10 22 127048
11 26 127139
12 27 127180
10 27 127182
13 17 127250
12 29 127260
13 26 127307
19 11 127341
11 19 127379
22 20 127487
19 28 127558
12 28 127621
23 22 127622
20 13 127710
21 17 127725
22 17 127735
26 19 127736
22 23 127753
13 22 127791
23 15 127842
14 15 127875
15 30 127875
24 17 127899
14 15 127959
26 20 128016
26 22 128132
24 18 128188
14 26 128401
23 26 128426
22 15 128499
13 21 128538
15 18 128613
13 25 128633
11 28 128649
21 16 128650
13 24 128684
13 16 128819
23 20 128827
18 20 128838
23 19 128932
13 23 128936
12 17 129059
26 21 129094
11 23 129208
14 14 129241
19 13 129245
25 22 129298
20 24 129330
19 24 129340
23 25 129426
18 14 129456
23 21 129563
20 17 129568
24 16 129608
15 29 129625
12 19 129668
20 12 129711
20 11 129719
25 18 129765
12 18 129779
21 13 129779
22 19 129855
26 18 129932
10 26 130005
13 28 130011
21 14 130047
11 22 130071
18 25 130086
23 15 130112
24 24 130151
11 24 130253
11 25 130471
20 13 130808
16 12 130812
19 11 130865
24 17 130903
18 16 130931
12 27 131072
19 10 131136
25 17 131182
12 28 131184
22 18 131210
13 22 131263
14 29 131269
26 20 131367
11 27 131400
25 19 131449
10 24 131478
14 26 131538
10 23 131593
11 26 131713
22 14 131783
24 15 131784
23 18 131818
13 29 131839
13 24 131984
22 17 132035
13 25 132056
20 16 132071
13 23 132086
16 25 132096
13 21 132208
26 19 132278
25 20 132337
22 16 132413
25 18 132432
22 22 132517
14 30 132533
14 25 132576
24 16 132618
14 24 132660
23 15 132669
14 22 132761
20 10 132770
16 30 132831
12 20 133011
23 19 133154
11 21 133221
20 11 133275
14 23 133291
21 16 133294
17 25 133320
11 18 133367
24 19 133443
26 22 133453
25 17 133509
13 28 133570
23 24 133665
20 14 133704
21 14 133718
21 13 133769
11 20 133818
20 12 133831
15 29 133863
18 29 133874
26 20 133967
23 14 133975
24 17 134089
14 26 134093
12 27 134102
18 10 134110
26 18 134181
24 15 134253
23 20 134265
19 10 134274
14 21 134279
12 19 134350
17 11 134396
12 23 134418
20 13 134426
15 30 134453
25 24 134555
21 24 134564
11 23 134564
23 18 134892
12 18 134900
11 24 134938
24 24 134944
12 26 134956
22 14 135011
21 11 135022
21 12 135039
19 17 135066
13 13 135177
11 25 135183
14 29 135282
24 16 135286
14 16 135301
12 28 135313
20 10 135348
14 20 135372
25 17 135407
23 15 135434
14 28 135587
26 19 135597
13 18 135664
25 18 135823
20 11 135829
22 13 135830
22 17 135910
11 17 135956
24 15 135964
21 15 135977
14 25 135978
17 26 136023
26 21 136105
17 25 136290
22 16 136340
23 14 136401
15 28 136413
26 18 136417
27 21 136481
19 16 136545
21 13 136614
20 15 136716
20 12 136790
27 20 136851
15 29 136866
12 22 136894
19 10 136902
26 20 136916
23 21 136970
12 21 136974
15 25 136981
13 23 137006
18 25 137052
19 25 137084
12 27 137277
13 28 137339
11 22 137351
21 16 137392
11 26 137402
20 10 137430
25 17 137445
24 16 137469
24 15 137529
24 25 137688
15 26 137699
18 29 137700
14 24 137725
22 14 137793
16 29 137809
16 30 137820
24 26 137843
26 17 137862
14 22 137968
19 11 137987
26 19 137993
23 13 138053
23 19 138117
13 29 138198
13 22 138209
22 13 138221
18 28 138224
23 18 138238
20 16 138239
25 16 138277
20 11 138352
24 14 138397
18 26 138426
10 25 138461
13 27 138513
27 19 138518
26 18 138553
20 13 138567
23 14 138596
14 25 138634
21 15 138642
14 23 138646
16 25 138684
15 28 138736
19 28 138747
24 19 138747
12 26 138876
14 29 139230
20 15 139324
22 16 139355
17 25 139366
21 13 139368
23 17 139389
21 11 139402
15 25 139513
22 27 139565
19 10 139622
19 29 139678
10 22 139719
12 19 139735
13 19 139794
23 26 139795
24 16 139840
18 25 139853
14 20 139863
21 12 139888
20 10 139909
19 9 140016
14 21 140020
22 17 140062
15 29 140108
12 25 140133
20 12 140168
16 26 140193
16 29 140368
14 28 140429
23 13 140459
19 24 140472
20 24 140516
17 17 140550
26 17 140574
19 25 140605
12 27 140714
13 28 140740
22 13 140781
15 28 140827
24 14 140942
14 24 141035
14 25 141036
21 15 141052
12 23 141076
21 10 141088
25 23 141118
17 29 141138
19 28 141229
15 30 141247
26 19 141249
25 16 141284
19 15 141317
22 15 141319
23 14 141320
22 14 141442
27 18 141559
16 25 141573
24 15 141589
14 22 141624
16 17 141663
25 15 141664
23 20 141682
18 9 141773
23 18 141781
26 18 141812
18 28 141880
15 25 141885
23 16 141921
14 23 141964
20 15 141989
13 27 141990
18 29 142367
20 28 142385
12 18 142394
23 13 142408
19 9 142429
11 24 142451
17 24 142516
17 25 142563
18 25 142634
19 16 142651
21 16 142652
21 13 142679
23 26 142701
22 12 142712
18 24 142738
23 17 142771
21 17 142824
20 9 142825
26 17 142846
24 14 142890
22 13 142905
16 29 142907
15 26 142969
25 17 143034
12 17 143081
22 16 143081
10 24 143104
16 12 143155
15 28 143168
22 19 143169
20 10 143181
14 20 143229
19 24 143271
27 19 143283
13 18 143290
21 18 143343
22 22 143343
14 27 143395
21 12 143398
12 26 143416
22 20 143427
14 25 143428
21 15 143444
17 16 143448
20 24 143532
13 17 143592
19 28 143624
12 28 143652
11 23 143652
15 13 143679
25 16 143778
14 21 143795
23 12 143807
15 25 143920
17 29 144000
16 25 144093
11 25 144095
14 24 144096
18 28 144216
14 28 144279
26 16 144392
18 10 144420
22 15 144445
19 9 144457
19 10 144480
22 27 144481
17 17 144553
12 24 144561
25 15 144580
19 8 144649
24 20 144654
17 24 144655
20 15 144732
24 14 144740
15 29 144749
18 24 144770
14 23 144871
24 13 144872
21 11 144953
23 14 144960
23 13 144977
14 22 144987
16 24 144987
16 28 145066
22 13 145152
26 17 145175
13 27 145242
22 12 145268
23 16 145353
20 9 145469
19 24 145527
18 16 145540
17 16 145547
23 26 145565
13 26 145570
17 28 145654
19 15 145700
11 22 145703
16 29 145716
22 26 145737
15 24 145753
22 17 145784
20 11 145851
16 13 145878
15 28 145897
21 10 145926
15 14 145937
12 25 145938
17 11 145942
16 17 145967
23 15 145988
20 28 146102
15 18 146131
22 22 146234
15 12 146292
19 28 146336
14 27 146341
21 12 146404
23 12 146439
15 25 146452
25 16 146462
25 15 146482
21 24 146487
19 23 146489
18 28 146496
24 17 146497
23 17 146529
20 24 146530
19 9 146656
18 25 146725
23 21 146734
26 16 146737
21 27 146776
12 27 146787
21 23 146787
17 12 146830
19 29 146846
21 14 146849
17 24 146850
24 14 146915
21 9 146921
16 25 146965
27 16 146969
17 29 146998
22 23 147009
19 8 147014
23 13 147023
16 12 147068
18 24 147087
20 23 147090
14 24 147156
27 18 147281
18 9 147302
26 18 147342
24 13 147346
18 15 147441
22 11 147474
22 12 147479
12 12 147495
12 22 147495
12 26 147543
17 16 147666
19 14 147673
18 29 147772
16 24 147773
26 17 147810
16 28 147817
14 21 147835
16 27 147862
21 11 147912
14 23 147944
22 15 147946
21 15 147949
15 27 147949
17 28 147977
23 25 147993
24 18 147995
20 9 148049
19 24 148095
14 20 148146
17 25 148148
13 21 148181
23 12 148362
25 15 148401
16 11 148416
14 26 148435
13 26 148444
14 28 148444
15 24 148481
19 23 148505
23 16 148608
20 27 148624
22 25 148674
18 28 148707
21 28 148729
14 22 148760
20 14 148824
12 23 148861
18 23 148862
21 22 148869
26 16 148893
13 27 148894
22 26 148925
19 8 148958
14 27 149013
21 14 149102
23 15 149112
24 13 149114
24 12 149139
16 18 149158
12 24 149221
17 24 149224
25 23 149299
19 9 149348
15 17 149353
16 17 149383
11 20 149409
22 21 149435
23 27 149481
20 8 149490
14 29 149510
19 15 149529
18 11 149555
15 18 149615
24 17 149625
21 12 149625
15 28 149674
19 28 149701
26 15 149701
22 22 149749
25 16 149786
17 16 149789
20 23 149789
16 24 149795
22 12 149814
17 11 149829
18 24 149850
25 14 149954
17 28 149982
18 16 150032
23 12 150055
21 9 150056
19 23 150062
27 18 150122
16 27 150132
23 21 150134
20 15 150169
24 25 150207
14 15 150316
23 25 150321
16 29 150343
15 27 150358
16 28 150393
14 26 150422
26 22 150444
22 16 150459
21 10 150461
15 24 150597
18 23 150638
27 17 150644
22 11 150652
15 13 150664
18 15 150689
21 11 150692
21 23 150696
19 27 150732
21 21 150736
25 15 150741
19 14 150782
16 11 150802
20 28 150824
24 13 150863
22 27 150918
18 27 150953
16 25 150953
19 8 151004
18 10 151025
26 16 151026
17 17 151078
17 29 151118
22 25 151135
12 25 151166
20 22 151166
19 16 151230
20 9 151249
24 14 151264
13 26 151350
20 27 151354
17 10 151380
21 14 151401
20 8 151414
18 28 151425
17 23 151561
15 12 151574
21 8 151576
16 24 151587
19 23 151607
13 25 151608
26 21 151633
20 14 151650
26 17 151667
27 16 151686
23 12 151693
20 10 151731
17 24 151735
22 21 151781
16 12 151807
22 10 151831
23 22 151942
20 23 151951
17 28 151984
19 24 152040
17 16 152092
20 16 152117
23 15 152168
14 27 152196
21 26 152224
23 17 152243
16 27 152255
16 23 152276
14 26 152331
22 26 152340
18 23 152352
15 17 152365
24 12 152381
22 15 152427
17 11 152473
22 14 152494
23 14 152533
23 25 152534
15 24 152570
25 13 152595
21 27 152616
23 16 152725
16 16 152729
21 22 152730
23 11 152747
26 15 152836
25 22 152847
14 23 152882
14 24 152955
20 8 152970
24 13 153037
15 27 153074
13 27 153087
25 14 153087
23 21 153096
16 28 153132
15 26 153134
12 26 153145
12 24 153145
16 11 153187
22 11 153199
17 27 153214
18 9 153231
26 16 153310
12 23 153333
24 17 153349
16 17 153360
19 8 153360
27 18 153362
22 25 153381
9 25 153389
18 15 153389
20 24 153401
19 23 153552
22 13 153603
14 28 153603
21 11 153606
16 24 153638
19 14 153641
24 16 153667
19 15 153694
21 25 153707
17 23 153737
20 26 153772
23 26 153792
13 17 153793
22 12 153806
15 22 153823
18 27 153858
15 18 153890
20 13 153920
15 23 154039
25 23 154080
20 22 154091
24 15 154099
24 25 154101
20 27 154105
23 12 154251
21 10 154279
14 22 154324
21 8 154341
20 23 154349
19 27 154365
21 9 154377
22 21 154397
18 14 154425
20 14 154445
21 14 154445
21 13 154489
16 27 154499
14 26 154541
11 26 154545
18 23 154546
23 11 154551
24 12 154586
17 28 154597
17 15 154631
17 15 154632
20 8 154635
19 9 154696
17 9 154731
17 10 154804
21 21 154852
15 24 154854
16 10 154922
17 24 154985
21 12 154996
15 17 155021
16 23 155034
13 25 155114
22 20 155182
13 26 155241
26 20 155242
18 22 155268
26 15 155325
23 25 155325
17 27 155327
22 22 155339
22 25 155388
18 8 155435
14 13 155456
18 16 155470
22 11 155530
23 20 155577
19 13 155671
20 7 155714
23 15 155735
23 14 155771
17 11 155820
24 26 155826
15 26 155836
18 10 155859
26 14 155897
22 13 155939
15 12 155946
20 26 155963
17 23 155997
23 11 156011
16 11 156022
18 15 156057
22 10 156064
25 14 156073
15 13 156114
21 22 156121
21 23 156149
20 13 156172
24 13 156193
27 17 156194
13 24 156198
25 22 156224
19 14 156240
15 23 156253
18 27 156388
22 26 156398
23 24 156413
26 21 156472
12 21 156479
21 26 156480
22 14 156495
25 13 156524
24 16 156542
16 16 156543
16 28 156543
20 8 156586
20 22 156589
24 12 156607
27 15 156687
19 8 156725
21 13 156776
15 14 156815
12 22 156821
23 10 156840
17 16 156854
24 15 156931
13 14 156969
23 21 157012
14 25 157017
12 25 157027
22 24 157046
18 22 157065
21 25 157183
19 7 157197
15 11 157222
22 21 157225
17 27 157250
16 27 157252
18 14 157253
15 21 157272
14 12 157299
19 23 157345
20 27 157391
11 27 157441
23 11 157442
16 23 157475
16 24 157487
20 7 157513
15 27 157607
14 27 157666
14 26 157685
18 26 157721
26 20 157741
21 7 157769
20 21 157819
11 21 157871
20 14 157879
26 15 157885
17 15 157890
22 11 157913
20 26 157936
23 13 157971
14 20 157973
16 10 157994
22 20 157996
19 22 158172
17 10 158201
23 16 158224
22 25 158227
24 24 158246
20 13 158280
18 9 158289
21 21 158326
24 20 158364
22 13 158406
19 27 158417
15 23 158421
15 22 158496
19 26 158501
15 26 158514
17 23 158515
14 21 158520
21 11 158523
13 25 158536
26 14 158561
12 24 158570
18 23 158592
21 10 158598
28 17 158669
23 20 158696
21 9 158699
24 23 158700
19 13 158727
20 22 158757
15 25 158791
14 14 158792
21 8 158811
18 27 158837
19 15 158899
22 12 158929
16 17 158952
12 23 158958
23 11 158970
26 16 159004
16 15 159008
21 27 159054
23 25 159140
24 12 159185
23 24 159194
19 31 159196
21 13 159220
18 22 159288
20 7 159348
22 10 159350
17 27 159362
25 22 159458
17 9 159473
13 23 159497
18 15 159499
19 14 159511
18 14 159521
21 22 159559
25 14 159565
23 14 159581
20 8 159598
25 13 159616
14 25 159626
27 16 159807
22 24 159941
15 12 159963
15 17 159985
20 26 159992
23 10 160006
16 22 160028
23 15 160159
13 24 160233
21 26 160356
19 22 160357
26 22 160364
18 8 160365
18 7 160370
25 12 160381
24 16 160411
16 16 160414
19 31 160429
24 15 160484
21 25 160509
19 7 160511
16 11 160547
16 26 160548
18 26 160564
17 22 160577
14 19 160638
24 14 160648
17 28 160669
20 9 160671
13 27 160781
22 20 160813
15 23 160817
16 23 160868
16 10 160869
26 15 160881
20 6 160897
23 11 160918
24 19 161002
22 14 161015
17 14 161017
22 12 161017
27 17 161032
24 23 161057
25 23 161071
14 24 161071
19 10 161082
20 13 161091
21 12 161124
26 14 161143
19 13 161160
27 14 161216
24 11 161270
15 22 161313
21 7 161331
15 25 161406
20 22 161450
21 14 161457
21 21 161508
19 26 161555
22 13 161558
22 10 161620
20 21 161627
25 24 161680
23 24 161721
27 15 161726
18 14 161728
17 23 161750
23 13 161767
23 20 161810
20 7 161858
19 21 161964
22 21 161984
17 15 162013
17 10 162031
18 22 162098
15 26 162118
18 16 162122
14 32 162146
13 22 162266
20 12 162269
22 24 162374
26 20 162395
23 10 162461
23 19 162492
20 27 162512
14 13 162542
22 9 162550
14 25 162596
14 28 162643
15 16 162651
17 26 162716
19 22 162721
16 15 162810
18 9 162906
17 27 162930
19 27 162955
20 26 162956
16 9 162958
19 31 162969
13 25 162986
24 25 162989
25 21 163017
18 26 163034
18 21 163185
22 12 163197
21 20 163279
16 28 163281
25 13 163303
20 14 163377
21 12 163421
24 23 163474
16 22 163571
26 14 163577
22 26 163622
24 10 163640
22 19 163711
21 13 163725
21 6 163751
23 23 163751
17 14 163755
23 14 163778
17 9 163818
21 9 163823
17 22 163825
24 24 163834
20 6 163863
24 11 163890
13 23 163915
22 8 163944
23 11 163967
15 25 163999
22 25 164037
25 12 164038
15 11 164057
27 16 164101
22 20 164127
21 10 164186
21 25 164188
16 26 164205
14 24 164216
19 7 164221
22 10 164287
16 10 164326
26 13 164340
19 8 164404
18 14 164418
19 25 164440
13 24 164480
20 25 164558
16 25 164643
15 22 164678
20 21 164694
21 7 164695
25 11 164825
23 10 164850
14 14 164867
19 26 164879
18 13 164879
19 13 164893
22 24 164893
23 24 164899
24 14 164955
20 12 164991
23 12 165086
18 24 165168
20 7 165216
13 7 165230
15 20 165230
21 26 165415
20 13 165433
16 16 165444
24 15 165524
18 22 165549
20 22 165558
19 21 165641
26 21 165648
25 14 165648
12 22 165687
21 8 165702
18 27 165753
21 12 165771
19 22 165807
18 26 165863
15 21 165879
27 14 165908
22 12 165940
21 21 165942
13 21 165950
24 23 165951
18 8 165981
17 26 166023
23 19 166025
23 9 166108
22 7 166109
15 16 166124
20 6 166156
17 8 166202
23 20 166219
18 15 166239
16 15 166240
26 15 166323
27 15 166327
24 10 166328
21 22 166330
15 12 166331
13 13 166343
17 25 166384
14 25 166431
17 23 166491
18 21 166499
16 22 166552
26 14 166611
17 14 166629
18 10 166752
23 10 166768
27 13 166784
14 12 166790
23 23 166827
24 11 166846
19 6 166864
20 26 166904
25 12 166940
20 8 166966
19 9 166975
22 14 167071
15 25 167184
13 22 167239
19 25 167308
21 6 167347
23 13 167369
12 20 167383
14 24 167396
22 9 167407
19 12 167419
17 22 167460
11 22 167464
27 16 167464
24 16 167465
26 13 167469
25 13 167564
19 14 167747
20 21 167767
25 10 167785
16 9 167838
12 23 167869
25 11 167886
20 25 167924
19 21 167934
18 14 168013
22 19 168031
17 9 168058
16 25 168064
13 23 168193
23 12 168195
21 25 168223
23 25 168232
22 24 168305
22 10 168338
24 10 168362
15 22 168369
18 13 168407
22 20 168412
20 6 168417
20 12 168427
16 26 168436
15 26 168437
21 24 168458
21 12 168604
21 7 168667
23 24 168680
12 24 168733
25 16 168813
19 26 168819
27 14 168857
26 12 168943
16 10 168961
21 9 168985
21 20 168986
18 26 169034
23 10 169050
28 29 169081
16 22 169194
13 24 169257
24 22 169327
17 26 169400
24 14 169439
24 23 169440
18 21 169444
21 11 169523
21 8 169609
23 19 169656
21 6 169686
17 25 169710
19 15 169733
25 15 169749
12 21 169819
26 19 169830
27 19 169852
22 12 169852
25 12 169879
16 27 170026
26 13 170055
19 28 170082
25 23 170106
16 15 170131
22 8 170135
28 16 170218
13 16 170231
24 10 170231
17 10 170232
25 11 170241
27 15 170247
17 14 170266
23 9 170275
19 25 170323
24 13 170437
19 7 170464
22 9 170559
14 24 170619
20 21 170776
15 25 170807
23 23 170815
19 21 170889
27 13 171013
22 11 171023
24 11 171119
24 24 171161
20 6 171202
15 11 171210
13 25 171298
16 25 171354
19 27 171411
2 16 171462
20 25 171505
26 14 171548
16 24 171565
15 21 171614
19 6 171637
24 9 171699
20 24 171717
18 9 171753
22 6 171754
23 10 171810
18 27 171829
17 27 171884
6 15 171900
17 22 171918
23 12 171963
25 10 172008
27 14 172021
23 14 172040
18 21 172061
21 6 172077
24 19 172137
17 13 172145
15 24 172207
21 12 172347
16 22 172355
24 10 172400
19 22 172404
21 21 172449
13 23 172471
14 23 172478
20 5 172479
21 11 172483
13 22 172564
15 19 172579
17 11 172619
21 7 172789
26 13 172801
15 15 172817
14 25 172821
15 17 172867
25 11 172890
17 26 172893
18 13 172992
25 12 173022
17 21 173091
17 25 173132
24 15 173426
16 26 173465
20 11 173519
15 20 173712
24 14 173764
13 21 173772
21 26 173932
23 19 173969
26 12 174009
25 18 174027
18 8 174062
23 9 174133
12 22 174170
24 22 174191
22 11 174319
27 17 174341
27 16 174494
22 13 174537
23 13 174552
23 11 174700
22 23 174801
24 10 174825
22 7 174849
27 15 174935
16 21 174962
19 26 175257
27 13 175279
15 18 175288
18 25 175291
21 6 175377
16 25 175523
22 12 175561
16 24 175707
24 13 175754
22 9 175767
15 21 175782
20 21 175844
18 26 175990
20 12 176262
19 13 176300
22 20 176310
19 25 176311
17 15 176318
15 24 176326
25 11 176377
14 23 176390
22 21 176404
15 17 176444
26 11 176445
21 11 176475
19 21 176475
12 29 176495
20 24 176515
14 24 176560
25 14 176560
26 13 176605
27 14 176642
16 16 176689
20 25 176814
22 8 176815
21 24 177086
15 19 177180
24 12 177184
23 12 177198
17 25 177340
21 27 177656
18 21 177691
24 9 177980
17 26 178171
13 22 178188
13 20 178189
15 20 178211
13 23 178211
20 6 178230
12 19 178447
25 10 178475
20 20 178485
14 15 178578
21 12 178695
12 25 178773
25 15 178930
17 22 179130
12 20 179143
25 17 179211
2 14 179256
26 12 179291
24 10 179439
21 9 179617
16 15 179768
13 21 179848
7 29 179943
15 18 179986
17 16 180059
12 21 180306
13 19 180593
15 21 180637
16 21 180840
17 21 180841
27 13 180919
23 11 181267
18 25 181507
14 17 181581
22 6 181642
15 19 181887
34 3 182214
25 12 182266
28 14 182325
24 22 182346
18 20 182401
25 16 182576
8 16 182582
28 17 182676
28 16 182712
26 10 182723
21 5 182802
15 24 183003
23 24 183089
22 7 183090
32 3 183093
25 14 183364
28 15 183390
14 23 183439
15 20 183470
14 22 183770
16 25 183819
16 22 183926
23 9 184123
24 16 184254
31 1 184539
13 24 184780
16 24 184861
22 8 184861
24 12 184863
24 13 184939
12 16 185013
21 8 185024
25 10 185141
21 6 185246
15 17 185413
13 18 185543
15 16 185559
26 11 185701
14 14 185877
13 14 185896
16 26 186431
25 9 186489
24 17 186672
26 12 186697
26 20 186723
14 16 186858
20 25 187318
13 16 187333
30 1 187518
26 34 188179
27 17 188402
25 11 188628
21 7 188770
15 18 188903
13 23 189017
26 19 189207
19 31 189252
28 15 189686
15 11 190047
27 18 190082
24 22 190358
28 18 190791
19 31 190821
18 11 190855
9 6 190984
25 21 191160
28 13 191188
13 17 191554
28 17 191562
13 20 191569
8 15 191692
27 14 191879
15 19 191971
24 32 192059
26 20 192203
17 29 192436
28 16 192550
14 15 192589
13 15 193045
11 24 193578
16 19 193683
13 19 193737
25 17 193816
13 21 194336
2 11 194420
26 21 194866
16 10 194961
17 13 195041
19 13 195160
25 15 195426
15 12 195465
21 11 195471
23 23 195482
20 12 195487
27 19 195820
22 24 196087
8 16 196101
25 16 196108
14 13 196108
18 8 196327
25 22 196878
18 21 197180
18 13 197353
16 15 197427
17 26 197731
24 22 197903
19 25 198087
27 18 198103
14 17 198981
22 20 199421
20 24 199454
14 14 199477
16 20 199525
21 24 199672
20 11 199980
20 6 200279
28 14 200383
24 17 200503
14 12 200745
26 16 201141
14 16 201148
17 14 201578
19 21 201727
23 19 202249
13 28 202831
19 6 202885
21 10 203574
13 22 203606
22 7 203666
11 28 203939
21 20 204414
24 14 205699
15 30 207029
15 29 208453
19 7 208969
23 7 211079
31 16 213094
7 18 216346
14 28 217001
18 34 217255
11 19 218123
22 9 220040
22 6 220187
27 15 220203
22 14 220412
21 20 221246
25 14 221790
20 24 222884
19 25 223341
24 22 223663
27 13 224334
24 9 224336
26 11 224463
23 8 224547
15 23 225270
14 26 225277
25 22 225553
17 24 226204
22 8 226217
17 25 226433
19 31 226557
18 13 226559
22 24 226872
17 14 227226
19 20 227470
25 13 227623
19 21 227959
24 12 228018
19 31 228056
27 18 228077
23 23 228255
11 23 228257
21 24 228276
27 12 228319
23 19 228347
26 20 228427
20 5 229374
21 11 229667
9 12 230006
20 11 230692
14 22 230730
17 8 231271
18 25 231393
14 23 231745
19 31 232226
15 24 232578
20 24 233185
18 21 233204
18 8 233418
24 22 233449
22 11 233583
24 10 233602
15 12 233612
20 6 233729
14 12 234088
19 12 234242
24 24 234515
27 19 234585
23 18 234663
24 17 234813
14 13 235161
19 13 235222
26 20 235222
22 26 235393
16 10 235401
17 13 235506
25 17 235538
26 21 235729
16 15 235814
17 9 235858
18 7 235892
20 12 236038
25 15 236266
25 21 236393
22 19 236595
27 18 236597
19 6 236724
19 24 236756
13 19 236763
14 17 236771
15 10 236840
22 20 237083
21 20 237089
19 7 237270
25 22 237372
15 17 237449
17 14 237644
13 20 237687
13 17 237740
15 11 237754
22 7 237870
14 15 237917
16 9 237944
16 14 237963
19 25 238139
8 25 238182
14 12 238182
22 23 238221
19 5 238349
15 19 238583
14 11 238641
27 13 238644
28 16 238660
14 13 238725
23 19 238767
24 12 238840
13 21 238841
14 22 238858
25 10 238875
19 12 238879
22 24 238895
14 16 238928
18 13 239040
23 22 239042
25 16 239060
13 16 239097
13 14 239103
28 18 239140
17 13 239164
24 23 239167
16 10 239207
13 18 239243
15 17 239251
25 15 239319
15 18 239344
26 19 239399
25 21 239414
24 17 239493
15 15 239524
14 14 239628
16 11 239692
13 15 239693
13 22 239713
14 23 239714
15 20 239797
15 12 239803
27 14 239815
12 20 239907
20 11 239922
18 8 239932
16 8 240037
27 15 240043
15 16 240094
21 19 240207
24 14 240264
25 14 240296
13 19 240307
18 7 240332
13 20 240336
28 17 240430
23 23 240484
13 17 240507
27 16 240539
22 8 240566
21 8 240626
22 6 240895
27 18 240919
21 24 240933
21 7 240949
26 20 240980
24 15 241003
22 7 241006
25 17 241085
15 10 241094
17 25 241176
25 11 241179
24 13 241197
25 13 241266
24 18 241278
23 18 241298
18 6 241306
15 11 241310
15 19 241315
27 13 241379
1 30 241385
25 10 241387
16 24 241418
13 21 241427
17 8 241495
19 6 241498
21 6 241534
24 16 241534
24 12 241579
13 14 241589
14 12 241607
24 10 241643
22 9 241666
15 24 241750
15 18 241753
14 15 241774
22 19 241798
26 12 241831
23 12 241832
16 9 241833
15 9 241840
16 14 241876
24 22 241890
25 21 241954
12 20 241986
14 11 242029
15 17 242038
15 13 242072
15 13 242073
26 16 242073
25 15 242083
13 16 242103
25 16 242155
13 22 242208
14 23 242233
15 20 242275
27 14 242326
12 18 242359
23 13 242449
23 11 242453
27 15 242454
13 18 242459
14 22 242524
27 19 242556
26 19 242558
24 14 242578
17 21 242608
14 13 242611
24 17 242675
13 15 242765
16 15 242817
12 17 242818
27 17 242820
13 13 242855
15 16 242869
27 17 242877
12 21 242898
15 15 242939
24 9 243014
23 9 243051
17 24 243051
28 16 243064
22 18 243090
23 9 243109
15 23 243139
12 19 243207
21 8 243228
27 16 243331
13 17 243366
13 23 243416
22 11 243427
21 7 243445
12 16 243485
16 10 243559
24 13 243576
14 14 243631
18 14 243644
25 14 243645
24 15 243668
25 11 243802
17 13 243809
13 14 243852
19 7 243865
13 21 243897
18 8 243945
19 12 243962
21 6 243974
15 19 244032
12 20 244107
22 8 244167
23 12 244252
18 7 244256
15 21 244274
17 14 244308
28 14 244359
21 19 244378
13 20 244384
27 13 244391
15 10 244397
24 10 244457
13 12 244459
15 18 244547
27 15 244612
13 22 244648
16 24 244677
26 11 244711
26 18 244726
24 16 244759
24 14 244841
20 20 244869
26 12 244905
21 20 244954
13 19 244955
14 23 244982
12 18 244997
23 13 245045
15 20 245061
14 12 245114
22 7 245120
27 14 245128
15 24 245164
14 24 245176
13 16 245205
18 6 245242
23 11 245243
14 17 245244
26 19 245364
14 19 245397
14 11 245397
22 12 245442
25 12 245446
27 12 245447
25 20 245447
12 21 245496
25 21 245506
27 18 245564
22 9 245590
13 15 245604
21 7 245636
13 13 245663
12 19 245689
24 21 245726
16 14 245747
21 8 245764
12 22 245972
11 19 245976
16 25 245988
15 9 246114
27 16 246168
25 15 246172
17 8 246213
14 10 246218
25 16 246249
27 17 246260
23 17 246267
24 17 246280
23 18 246281
19 6 246282
17 25 246321
25 11 246357
13 23 246383
12 20 246467
12 17 246471
28 15 246505
15 16 246508
13 14 246521
23 12 246593
25 10 246615
22 23 246617
21 23 246665
14 20 246665
21 6 246679
24 13 246696
15 11 246727
25 19 246761
16 19 246770
24 10 246770
23 13 246820
24 15 246838
25 22 246858
12 14 246918
15 17 246948
27 15 246951
12 16 246999
18 12 247043
23 9 247072
22 6 247096
20 26 247137
17 7 247137
12 23 247159
14 17 247200
13 17 247244
24 14 247248
13 21 247260
16 9 247276
15 19 247311
24 16 247394
15 15 247395
13 22 247422
22 19 247440
14 19 247498
12 18 247499
13 12 247730
22 20 247733
23 20 247748
26 20 247751
26 13 247751
28 16 247808
23 16 247843
24 22 247847
21 7 247929
24 21 247989
21 9 248033
15 10 248036
13 16 248052
22 11 248068
27 14 248165
15 18 248250
15 14 248298
15 21 248317
12 21 248386
12 19 248406
14 11 248414
15 24 248576
26 18 248605
18 7 248632
14 21 248708
12 20 248735
22 8 248791
12 22 248871
23 22 248877
14 23 248877
15 25 248891
22 13 248931
16 13 248944
14 12 248944
26 12 248957
13 15 248958
21 19 248966
13 13 248977
27 16 249022
19 11 249044
23 14 249065
14 18 249069
24 18 249071
23 13 249096
18 6 249100
13 14 249111
22 18 249117
12 15 249134
13 23 249145
25 19 249164
21 8 249172
14 20 249222
15 20 249278
25 14 249279
26 14 249336
14 24 249338
16 8 249350
22 12 249362
24 10 249383
24 15 249388
24 9 249403
23 10 249521
26 19 249544
14 10 249575
11 19 249602
14 17 249624
16 25 249671
14 16 249684
21 24 249692
20 6 249704
25 12 249742
14 19 249745
23 11 249769
25 11 249774
11 18 249775
25 11 249824
27 13 249831
28 17 249832
27 17 249834
24 14 249834
23 12 249856
21 6 249917
12 14 249954
15 9 249963
22 9 249972
13 12 249980
27 15 250004
12 17 250015
13 24 250021
24 17 250032
25 20 250047
24 16 250146
24 21 250152
17 9 250165
13 11 250270
16 14 250345
12 16 250377
12 23 250386
26 17 250441
12 18 250529
17 7 250530
16 24 250633
23 17 250644
21 25 250658
12 12 250747
21 7 250750
11 21 250762
24 11 250827
14 14 250874
21 18 251014
17 8 251059
23 15 251066
12 21 251094
20 5 251149
23 18 251196
26 16 251281
19 12 251345
23 16 251371
12 13 251445
12 19 251475
15 16 251499
26 15 251561
14 15 251568
23 8 251569
20 20 251578
25 19 251595
20 24 251604
11 17 251655
16 17 251668
12 22 251668
20 7 251693
13 22 251763
26 13 251776
12 15 251793
26 18 251821
27 18 251832
14 21 251832
16 7 251862
26 14 251939
14 11 251971
23 13 252066
15 14 252074
12 20 252076
23 9 252081
12 14 252106
15 10 252155
18 12 252163
24 22 252165
14 20 252166
14 18 252213
16 15 252223
15 15 252241
23 23 252241
23 19 252255
14 17 252282
14 10 252297
14 10 252298
15 12 252298
22 13 252307
11 19 252317
15 8 252322
22 23 252407
21 9 252446
18 24 252454
14 16 252491
24 15 252532
24 21 252563
11 18 252566
14 9 252649
15 24 252662
16 13 252663
23 14 252690
21 19 252734
21 20 252744
24 10 252752
22 12 252767
27 16 252768
21 23 252891
23 10 252912
14 19 252918
22 18 252955
11 20 252993
13 13 253006
13 23 253046
25 21 253068
25 13 253100
18 13 253107
13 12 253177
20 6 253261
13 11 253277
26 17 253312
13 14 253329
17 6 253383
24 12 253398
18 6 253399
17 21 253406
24 11 253486
17 7 253528
24 16 253553
12 16 253581
22 11 253603
27 14 253623
16 9 253632
14 24 253763
23 17 253792
12 23 253795
13 19 253862
20 19 253953
26 21 253985
15 23 253986
25 19 254041
23 15 254042
11 21 254083
25 12 254096
24 14 254123
16 8 254175
21 7 254217
20 7 254262
23 16 254317
21 11 254401
25 20 254426
12 15 254431
12 14 254475
15 9 254522
23 22 254545
26 16 254601
12 21 254606
12 22 254617
11 23 254622
21 8 254633
20 8 254646
28 16 254647
27 17 254709
12 17 254756
26 14 254758
12 12 254842
11 22 254870
11 19 254886
15 19 254915
24 17 254954
17 13 254957
26 15 255063
12 13 255067
13 20 255102
24 19 255194
18 7 255217
14 11 255229
13 17 255272
14 15 255293
28 14 255305
14 10 255307
11 15 255312
11 18 255380
26 18 255390
22 19 255390
14 21 255396
21 6 255405
13 18 255420
26 12 255450
17 12 255497
13 24 255528
20 24 255538
25 11 255538
12 18 255611
14 25 255616
12 19 255642
11 17 255654
15 25 255657
22 12 255667
24 12 255735
22 13 255736
23 14 255762
23 13 255869
13 19 255879
22 10 255936
23 10 255944
19 20 255944
26 13 255962
24 11 256015
27 15 256084
14 16 256104
15 14 256116
25 18 256131
24 20 256196
21 18 256196
14 18 256198
26 17 256199
24 21 256215
11 20 256242
22 9 256333
16 7 256417
25 13 256465
21 9 256476
23 21 256507
17 8 256578
13 12 256654
18 12 256696
15 13 256756
14 20 256757
27 20 256815
20 20 256816
22 17 256822
25 17 256854
19 24 256859
18 8 256918
20 6 256939
14 9 256971
20 21 256973
11 14 256991
16 14 256996
23 15 256997
13 11 257036
17 7 257111
20 7 257115
17 6 257116
23 17 257116
22 18 257237
11 13 257309
13 23 257326
20 23 257337
14 23 257337
11 16 257339
13 17 257360
12 23 257368
12 14 257373
11 21 257437
23 16 257471
24 16 257513
21 23 257529
18 11 257568
26 19 257626
12 16 257666
13 18 257780
15 18 257792
16 21 257814
25 15 257826
13 20 257842
22 22 257845
24 19 257874
26 16 257879
12 15 257881
16 8 257964
25 19 258010
13 21 258018
13 16 258039
13 19 258058
26 14 258070
23 11 258121
14 12 258167
28 15 258283
11 19 258299
14 24 258329
21 24 258331
10 20 258448
22 16 258478
24 10 258495
15 8 258506
12 22 258513
20 9 258520
12 13 258541
16 13 258634
24 12 258634
12 12 258653
26 15 258685
16 6 258692
22 14 258696
23 14 258750
10 21 258774
25 17 258814
20 19 258826
21 19 258866
22 23 258879
22 13 258895
23 22 258924
11 22 258946
11 15 259028
19 11 259053
11 23 259078
11 18 259096
23 21 259172
20 8 259197
17 12 259198
25 12 259209
20 8 259209
11 20 259218
10 18 259224
13 13 259233
11 17 259244
21 12 259341
24 11 259371
14 10 259381
17 25 259393
23 18 259415
14 15 259428
10 19 259502
20 24 259516
15 24 259601
23 10 259602
14 17 259736
22 10 259772
13 17 259858
25 14 259912
13 10 259935
25 13 259968
12 24 259987
25 18 260005
20 7 260133
13 24 260180
25 15 260186
23 15 260198
26 17 260208
11 14 260227
24 20 260258
21 11 260263
26 11 260286
16 7 260286
13 11 260356
15 14 260438
21 18 260479
19 19 260487
14 19 260509
21 7 260513
23 16 260614
23 11 260693
13 12 260735
26 18 260739
14 8 260778
23 9 260868
15 9 260896
13 19 260927
15 13 260955
22 17 260969
11 16 260999
13 20 261022
25 20 261040
22 12 261040
12 14 261070
17 5 261079
24 19 261081
17 6 261101
22 8 261111
19 8 261129
11 21 261152
14 18 261174
19 24 261187
13 18 261226
27 16 261270
13 16 261289
11 13 261289
14 9 261307
13 21 261321
22 18 261369
24 12 261377
14 14 261426
21 17 261438
26 16 261624
21 9 261728
23 17 261776
12 12 261829
11 22 261968
14 16 262045
21 5 262129
10 20 262137
18 21 262166
16 8 262169
18 12 262178
20 23 262200
21 23 262209
18 25 262209
11 20 262251
19 20 262260
11 15 262270
14 25 262320
23 21 262329
24 22 262468
25 17 262483
10 18 262541
22 15 262546
20 6 262573
22 16 262581
15 8 262595
10 19 262599
20 19 262625
10 21 262630
22 13 262633
11 17 262638
17 7 262679
10 17 262690
12 13 262724
11 14 262737
22 22 262779
23 20 262815
16 6 262819
22 9 262844
26 15 262897
12 23 262970
17 12 263002
19 5 263014
11 18 263055
13 17 263075
12 11 263099
13 15 263130
21 22 263228
24 11 263341
23 12 263342
22 14 263362
11 19 263428
25 19 263466
27 17 263466
19 25 263473
17 13 263501
21 18 263515
22 21 263527
16 7 263535
19 6 263545
25 14 263597
26 14 263605
11 23 263614
19 23 263618
11 16 263622
23 14 263650
22 24 263689
13 10 263705
23 11 263751
21 13 263764
20 25 263824
23 22 263870
21 12 263874
11 12 263906
13 11 263966
15 7 264032
22 10 264039
14 10 264043
25 16 264047
15 13 264072
26 13 264108
25 13 264108
25 15 264109
22 17 264176
20 8 264215
19 19 264226
15 10 264326
14 11 264373
25 18 264386
21 19 264447
17 11 264465
11 13 264468
13 9 264494
19 8 264683
24 19 264719
18 24 264736
16 21 264753
18 11 264755
12 12 264787
10 22 264790
23 15 264797
24 13 264849
18 20 264874
17 6 264893
13 20 264895
24 20 264963
19 24 264963
11 15 265005
12 17 265020
13 16 265074
16 13 265098
20 5 265157
20 9 265194
14 9 265200
20 7 265266
20 20 265270
14 14 265274
22 15 265323
11 22 265326
12 20 265328
10 19 265403
10 20 265404
23 16 265529
16 6 265573
12 10 265576
21 17 265622
12 18 265710
12 16 265720
24 12 265721
15 8 265763
23 21 265808
10 18 265845
22 16 265903
26 16 265917
11 14 265918
13 19 265934
11 21 265939
25 17 265965
21 18 266037
14 15 266142
20 18 266204
13 18 266249
11 16 266258
10 21 266265
12 11 266324
20 23 266340
23 10 266344
26 17 266346
10 17 266377
11 17 266378
13 23 266380
12 19 266464
22 21 266482
23 19 266582
14 13 266638
19 7 266668
13 15 266701
12 17 266718
20 19 266722
13 10 266762
16 7 266836
21 14 266902
19 20 266946
23 20 266966
22 22 266967
17 25 266980
23 11 267081
24 21 267094
13 21 267132
19 6 267199
11 12 267226
23 12 267241
9 18 267241
22 14 267250
15 9 267251
11 20 267343
19 19 267364
19 23 267372
17 20 267374
11 13 267399
25 14 267420
13 14 267428
14 8 267428
22 17 267460
25 16 267475
21 22 267495
16 8 267560
15 21 267568
17 21 267588
12 20 267614
12 22 267645
24 17 267687
21 12 267788
12 16 267824
11 15 267843
15 13 267915
21 13 268024
13 9 268029
24 14 268096
17 12 268103
18 12 268118
19 11 268119
13 17 268180
10 16 268189
15 7 268195
18 7 268216
10 19 268216
19 8 268217
12 12 268220
22 15 268288
16 6 268306
21 10 268340
10 14 268356
16 12 268390
20 24 268406
11 14 268433
24 15 268436
15 15 268483
9 20 268484
22 21 268484
13 12 268515
12 18 268559
18 24 268561
11 24 268562
10 23 268668
21 23 268671
15 14 268672
17 11 268677
22 11 268711
10 20 268734
12 13 268737
21 17 268760
10 13 268785
10 15 268794
13 24 268811
22 18 268834
14 18 268838
14 14 268839
15 8 268870
3 29 268886
22 13 269026
19 9 269115
12 10 269123
12 17 269138
17 6 269150
11 22 269162
9 19 269185
26 15 269211
24 18 269214
9 21 269248
12 19 269291
19 24 269316
25 15 269330
18 20 269401
10 18 269426
22 10 269439
10 22 269461
12 11 269462
23 19 269526
25 18 269543
22 16 269563
14 13 269589
10 21 269613
9 17 269629
21 18 269636
11 16 269721
14 9 269733
13 10 269759
24 17 269788
10 17 269808
20 22 269813
11 23 269875
25 12 269943
20 8 269989
11 12 270100
27 18 270150
24 19 270157
13 14 270203
18 11 270234
12 15 270281
20 23 270283
11 11 270340
25 13 270357
11 13 270364
17 24 270365
20 18 270430
23 20 270437
13 25 270463
22 21 270473
9 18 270554
21 11 270578
24 11 270598
24 13 270599
16 13 270612
24 15 270617
22 20 270647
21 9 270662
16 24 270682
18 7 270825
24 14 270826
18 19 270861
12 20 270865
19 19 270894
13 15 270936
25 16 270979
22 11 270981
21 22 271006
23 18 271010
21 15 271045
22 15 271063
16 25 271126
12 24 271169
12 16 271174
22 14 271220
14 8 271223
23 12 271246
18 6 271399
17 5 271401
15 12 271442
15 7 271463
19 7 271464
9 20 271465
13 11 271470
10 13 271516
16 6 271566
12 18 271575
13 9 271600
25 14 271662
10 16 271674
12 9 271757
18 8 271776
4 19 271804
19 6 271806
19 23 271826
12 21 271857
21 16 271859
24 16 271884
21 17 271926
17 20 271933
21 14 272008
24 17 272021
14 24 272076
12 19 272088
12 23 272172
19 8 272256
16 7 272260
22 17 272260
12 12 272291
22 12 272312
10 15 272312
10 14 272314
10 19 272320
21 12 272373
13 16 272391
23 11 272401
18 21 272450
24 20 272459
22 22 272476
11 15 272555
18 24 272601
14 14 272640
23 13 272659
9 19 272671
20 11 272742
23 21 272786
10 20 272833
18 23 272883
12 17 272912
11 14 272923
12 11 272925
16 12 272937
21 13 272985
20 19 272994
14 22 273008
14 21 273012
10 21 273014
23 19 273064
12 10 273129
10 17 273135
11 12 273168
17 11 273209
10 22 273290
20 12 273364
15 21 273377
19 18 273515
20 22 273529
9 17 273621
11 22 273648
18 20 273680
9 18 273699
13 14 273719
9 21 273733
13 10 273765
12 15 273776
13 8 273838
19 20 273859
22 21 273871
10 23 273901
22 16 273943
11 11 273946
22 20 273962
15 8 273985
14 13 274095
24 18 274307
24 14 274356
16 11 274430
11 13 274517
18 19 274662
22 15 274663
20 18 274713
9 20 274735
23 20 274743
10 13 274744
21 18 274762
24 15 274772
24 17 274864
21 22 274874
10 16 274907
21 10 274983
22 11 275018
15 6 275052
22 9 275055
16 21 275192
17 14 275254
14 8 275279
23 18 275301
10 14 275306
21 16 275382
22 10 275384
24 16 275412
15 13 275579
12 18 275632
22 14 275633
25 17 275708
25 16 275789
13 9 275814
16 5 275832
19 19 275893
18 6 275903
10 15 276016
21 15 276072
21 14 276151
18 8 276201
16 6 276211
24 12 276234
9 19 276248
12 19 276278
11 23 276279
21 21 276283
22 12 276325
19 7 276396
12 9 276397
20 13 276506
24 13 276516
21 17 276516
11 19 276559
15 5 276583
17 20 276646
12 20 276678
23 19 276837
10 18 276916
9 18 276935
19 23 277045
9 17 277052
12 10 277084
17 24 277196
20 12 277218
11 12 277254
15 25 277259
15 12 277318
18 7 277397
21 13 277428
20 22 277515
22 20 277557
10 22 277571
22 19 277575
10 12 277604
20 23 277654
18 23 277686
16 24 277687
12 11 277722
20 9 277726
19 9 277733
10 13 277818
14 14 277855
18 24 277915
24 17 277987
24 14 278076
25 14 278087
23 12 278087
10 17 278120
21 8 278163
24 15 278214
11 11 278217
25 18 278369
23 18 278435
9 20 278458
10 16 278510
18 19 278520
13 13 278524
23 13 278565
24 16 278566
15 6 278610
15 7 278715
11 18 278721
14 7 278745
20 18 278822
18 20 278838
22 11 278907
11 10 278982
19 6 279020
22 21 279031
14 21 279053
20 17 279118
9 22 279169
12 15 279175
16 9 279289
21 22 279300
13 14 279349
9 21 279353
12 14 279426
10 14 279436
14 8 279509
12 16 279518
11 19 279520
9 15 279523
21 16 279546
21 9 279736
18 28 279748
24 18 279839
21 21 280010
23 20 280097
19 18 280130
13 7 280253
14 12 280348
9 19 280383
17 11 280386
18 11 280434
25 9 280447
13 8 280598
9 16 280616
11 17 280629
19 24 280771
11 15 280772
16 11 280773
10 15 280783
9 18 280788
22 15 280845
10 23 281048
17 20 281053
16 25 281187
21 20 281225
8 17 281255
22 17 281291
12 8 281342
14 6 281377
11 18 281412
22 20 281477
12 9 281542
22 19 281654
9 17 281668
13 21 281680
22 14 281718
22 18 281731
17 21 281762
21 10 281780
14 13 281897
20 22 281932
15 12 282013
19 7 282035
12 19 282040
12 24 282075
18 23 282163
10 12 282201
10 13 282217
15 6 282218
18 6 282229
13 13 282230
25 13 282291
18 19 282303
8 19 282305
12 14 282355
14 9 282377
21 11 282387
21 14 282411
19 22 282461
17 19 282541
24 16 282598
15 20 282609
21 15 282630
17 24 282692
20 8 282703
20 12 282758
10 11 282841
10 21 282918
21 21 282930
18 8 282981
20 16 283073
14 20 283218
11 20 283233
9 12 283289
8 18 283293
16 5 283300
16 20 283314
18 25 283457
17 25 283468
9 14 283469
10 16 283518
23 17 283519
13 9 283547
11 16 283652
23 18 283668
11 11 283715
20 13 283798
16 12 283904
11 12 283989
11 19 284036
15 7 284036
14 7 284056
9 20 284145
11 10 284164
11 17 284179
9 13 284189
15 5 284300
19 19 284384
18 16 284398
25 16 284400
20 17 284508
21 16 284514
18 24 284527
21 17 284582
20 11 284637
23 14 284649
20 18 284676
12 10 284676
10 22 284695
23 22 284698
21 20 284713
23 19 284806
23 16 284847
22 19 285023
15 24 285052
24 17 285079
22 12 285132
10 14 285190
13 15 285200
8 20 285262
21 22 285323
17 23 285443
11 24 285539
32 2 285654
11 15 285676
9 19 285864
11 18 285874
21 23 285883
9 15 285955
26 16 285996
14 8 286074
19 18 286185
15 6 286254
18 7 286298
34 7 286306
24 20 286354
13 24 286497
16 11 286629
10 12 286724
20 21 286799
22 20 286857
22 23 287074
20 14 287126
12 14 287139
17 12 287139
22 18 287166
18 18 287180
17 20 287236
17 7 287244
20 10 287257
13 13 287303
25 15 287389
11 9 287398
20 15 287479
23 15 287482
9 22 287515
14 12 287628
21 11 287655
23 17 287685
21 21 287813
9 17 287882
9 16 287924
9 18 287941
20 7 287956
24 18 288080
20 22 288096
13 21 288112
24 16 288162
12 9 288413
23 13 288440
10 13 288622
19 12 288714
19 22 288884
10 10 288990
13 8 289051
15 21 289091
19 23 289125
14 21 289239
9 21 289260
14 6 289282
25 20 289434
17 8 289515
8 17 289525
23 14 289532
11 16 289548
18 20 289572
23 18 289578
28 13 289639
24 13 289682
11 20 289774
7 32 289790
15 12 289862
18 19 290091
22 19 290114
20 16 290114
23 16 290120
20 17 290121
8 21 290126
11 10 290157
14 14 290229
8 19 290315
11 17 290509
21 10 290605
24 15 290660
13 7 290724
19 17 290728
16 24 290738
24 14 290860
9 12 291043
17 11 291079
18 23 291108
21 20 291148
21 13 291210
9 14 291313
14 7 291459
17 6 291670
18 6 291715
15 25 291716
16 20 291719
15 6 291747
21 15 291794
10 11 292041
15 11 292095
19 11 292162
20 13 292239
20 9 292277
9 13 292385
8 18 292404
10 12 292544
8 20 292789
23 20 292896
9 20 292967
8 22 293089
10 23 293094
21 16 293208
17 19 293232
11 18 293304
32 18 293318
21 14 293318
13 14 293340
12 15 293340
12 8 293426
26 10 293464
12 17 293596
11 19 293817
17 23 294182
13 14 294191
18 8 294192
20 12 294228
22 12 294321
9 15 294386
19 18 294532
11 15 294935
9 23 295022
21 11 295380
11 11 295568
23 15 295765
9 22 295806
20 21 295885
19 7 295973
13 13 296004
12 13 296011
20 14 296039
17 24 296133
11 21 296329
20 15 296425
15 5 296734
11 23 296784
13 10 297045
19 31 297054
15 24 297055
17 7 297114
11 16 297198
10 14 297251
11 20 297358
22 18 297426
23 17 297515
14 6 297570
11 17 297906
20 17 298075
12 14 298080
19 31 298299
9 16 298377
33 9 298428
9 19 298584
19 22 298605
23 14 298799
12 18 298871
19 12 299194
20 16 299523
19 8 299574
12 24 299739
21 19 299869
8 19 299908
10 18 300130
22 13 300304
11 10 300401
22 22 300583
10 13 300586
20 10 300899
9 21 300960
10 24 301014
15 16 301018
19 31 301286
17 6 301402
8 17 301406
9 14 301434
17 8 301473
33 7 302084
33 7 302085
15 6 302241
18 9 302531
22 19 302608
12 25 303284
8 15 303679
34 7 304543
6 33 304672
19 11 304698
10 11 304707
31 4 304728
9 17 304728
15 13 304924
19 9 305055
11 24 305898
22 20 307025
33 11 307397
11 20 308529
