7.000000 3.000000
33.000000 3.000000
59.000000 3.000000
85.000000 3.000000
111.000000 3.000000
137.000000 3.000000
163.000000 3.000000
189.000000 3.000000
215.000000 3.000000
241.000000 3.000000
267.000000 3.000000
293.000000 3.000000
319.000000 3.000000
345.000000 3.000000
371.000000 3.000000
397.000000 3.000000
423.000000 3.000000
449.000000 3.000000
475.000000 3.000000
501.000000 3.000000
527.000000 3.000000
553.000000 3.000000
579.000000 3.000000
605.000000 3.000000
631.000000 3.000000
657.000000 3.000000
683.000000 3.000000
709.000000 3.000000
735.000000 3.000000
761.000000 3.000000
787.000000 3.000000
813.000000 3.000000
839.000000 3.000000
865.000000 3.000000
891.000000 3.000000
917.000000 3.000000
943.000000 3.000000
969.000000 3.000000
995.000000 3.000000
1021.000000 3.000000
1047.000000 3.000000
1073.000000 3.000000
1099.000000 3.000000
1125.000000 3.000000
1151.000000 3.000000
1177.000000 3.000000
1203.000000 3.000000
1229.000000 3.000000
1255.000000 3.000000
1281.000000 3.000000
1307.000000 3.000000
1333.000000 3.000000
1359.000000 3.000000
1385.000000 3.000000
1411.000000 3.000000
1437.000000 3.000000
1463.000000 3.000000
1489.000000 3.000000
1515.000000 3.000000
1541.000000 3.000000
1567.000000 3.000000
1593.000000 3.000000
1619.000000 3.000000
1645.000000 3.000000
1671.000000 3.000000
1697.000000 3.000000
1723.000000 3.000000
1749.000000 3.000000
1775.000000 3.000000
1801.000000 3.000000
1827.000000 3.000000
1853.000000 3.000000
1879.000000 3.000000
1905.000000 3.000000
1931.000000 3.000000
1957.000000 3.000000
1983.000000 3.000000
2009.000000 3.000000
2035.000000 3.000000
2061.000000 3.000000
2087.000000 3.000000
2113.000000 3.000000
2139.000000 3.000000
2165.000000 3.000000
2191.000000 3.000000
2217.000000 3.000000
2243.000000 3.000000
2269.000000 3.000000
2295.000000 3.000000
2321.000000 3.000000
2347.000000 3.000000
2373.000000 3.000000
2399.000000 3.000000
2425.000000 3.000000
2451.000000 3.000000
2477.000000 3.000000
2503.000000 3.000000
2529.000000 3.000000
2555.000000 3.000000
2581.000000 3.000000
2607.000000 3.000000
2633.000000 3.000000
2659.000000 3.000000
2685.000000 3.000000
2711.000000 3.000000
2737.000000 3.000000
2763.000000 3.000000
2789.000000 3.000000
2815.000000 3.000000
2841.000000 3.000000
2867.000000 3.000000
2893.000000 3.000000
2919.000000 3.000000
2945.000000 3.000000
2971.000000 3.000000
2997.000000 3.000000
3023.000000 3.000000
3049.000000 3.000000
3075.000000 3.000000
3101.000000 3.000000
3127.000000 3.000000
3153.000000 3.000000
3179.000000 3.000000
3205.000000 3.000000
3231.000000 3.000000
3257.000000 3.000000
3283.000000 3.000000
3309.000000 3.000000
3335.000000 3.000000
3361.000000 3.000000
3387.000000 3.000000
3413.000000 3.000000
3439.000000 3.000000
3465.000000 3.000000
3491.000000 3.000000
3517.000000 3.000000
3543.000000 3.000000
3569.000000 3.000000
3595.000000 3.000000
3621.000000 3.000000
3647.000000 3.000000
3673.000000 3.000000
3699.000000 3.000000
3725.000000 3.000000
3751.000000 3.000000
3777.000000 3.000000
3803.000000 3.000000
3829.000000 3.000000
3855.000000 3.000000
3881.000000 3.000000
3907.000000 3.000000
3933.000000 3.000000
3959.000000 3.000000
3985.000000 3.000000
4011.000000 3.000000
4037.000000 3.000000
4063.000000 3.000000
4089.000000 3.000000
4115.000000 3.000000
4141.000000 3.000000
4167.000000 3.000000
4193.000000 3.000000
4219.000000 3.000000
4245.000000 3.000000
4271.000000 3.000000
4297.000000 3.000000
4323.000000 3.000000
4349.000000 3.000000
4375.000000 3.000000
4401.000000 3.000000
4427.000000 3.000000
4453.000000 3.000000
4479.000000 3.000000
4505.000000 3.000000
4531.000000 3.000000
4557.000000 3.000000
4583.000000 3.000000
4609.000000 3.000000
4635.000000 3.000000
4661.000000 3.000000
4687.000000 3.000000
4713.000000 3.000000
4739.000000 3.000000
4765.000000 3.000000
4791.000000 3.000000
4817.000000 3.000000
4843.000000 3.000000
4869.000000 3.000000
4895.000000 3.000000
4921.000000 3.000000
4947.000000 3.000000
4973.000000 3.000000
4999.000000 3.000000
5025.000000 3.000000
5051.000000 3.000000
5077.000000 3.000000
5103.000000 3.000000
5129.000000 3.000000
5155.000000 3.000000
5181.000000 3.000000
