3.000000 3.000000
29.000000 3.000000
55.000000 3.000000
81.000000 3.000000
107.000000 3.000000
133.000000 3.000000
159.000000 3.000000
185.000000 3.000000
211.000000 3.000000
237.000000 3.000000
263.000000 3.000000
289.000000 3.000000
315.000000 3.000000
341.000000 3.000000
367.000000 3.000000
393.000000 3.000000
419.000000 3.000000
445.000000 3.000000
471.000000 3.000000
497.000000 3.000000
523.000000 3.000000
549.000000 3.000000
575.000000 3.000000
601.000000 3.000000
627.000000 3.000000
653.000000 3.000000
679.000000 3.000000
705.000000 3.000000
731.000000 3.000000
757.000000 3.000000
783.000000 3.000000
809.000000 3.000000
835.000000 3.000000
861.000000 3.000000
887.000000 3.000000
913.000000 3.000000
939.000000 3.000000
965.000000 3.000000
991.000000 3.000000
1017.000000 3.000000
1043.000000 3.000000
1069.000000 3.000000
1095.000000 3.000000
1121.000000 3.000000
1147.000000 3.000000
1173.000000 3.000000
1199.000000 3.000000
1225.000000 3.000000
1251.000000 3.000000
1277.000000 3.000000
1303.000000 3.000000
1329.000000 3.000000
1355.000000 3.000000
1381.000000 3.000000
1407.000000 3.000000
1433.000000 3.000000
1459.000000 3.000000
1485.000000 3.000000
1511.000000 3.000000
1537.000000 3.000000
1563.000000 3.000000
1589.000000 3.000000
1615.000000 3.000000
1641.000000 3.000000
1667.000000 3.000000
1693.000000 3.000000
1719.000000 3.000000
1745.000000 3.000000
1771.000000 3.000000
1797.000000 3.000000
1823.000000 3.000000
1849.000000 3.000000
1875.000000 3.000000
1901.000000 3.000000
1927.000000 3.000000
1953.000000 3.000000
1979.000000 3.000000
2005.000000 3.000000
2031.000000 3.000000
2057.000000 3.000000
2083.000000 3.000000
2109.000000 3.000000
2135.000000 3.000000
2161.000000 3.000000
2187.000000 3.000000
2213.000000 3.000000
2239.000000 3.000000
2265.000000 3.000000
2291.000000 3.000000
2317.000000 3.000000
2343.000000 3.000000
2369.000000 3.000000
2395.000000 3.000000
2421.000000 3.000000
2447.000000 3.000000
2473.000000 3.000000
2499.000000 3.000000
2525.000000 3.000000
2551.000000 3.000000
2577.000000 3.000000
2603.000000 3.000000
2629.000000 3.000000
2655.000000 3.000000
2681.000000 3.000000
2707.000000 3.000000
2733.000000 3.000000
2759.000000 3.000000
2785.000000 3.000000
2811.000000 3.000000
2837.000000 3.000000
2863.000000 3.000000
2889.000000 3.000000
2915.000000 3.000000
2941.000000 3.000000
2967.000000 3.000000
2993.000000 3.000000
3019.000000 3.000000
3045.000000 3.000000
3071.000000 3.000000
3097.000000 3.000000
3123.000000 3.000000
3149.000000 3.000000
3175.000000 3.000000
3201.000000 3.000000
3227.000000 3.000000
3253.000000 3.000000
3279.000000 3.000000
3305.000000 3.000000
3331.000000 3.000000
3357.000000 3.000000
3383.000000 3.000000
3409.000000 3.000000
3435.000000 3.000000
3461.000000 3.000000
3487.000000 3.000000
3513.000000 3.000000
3539.000000 3.000000
3565.000000 3.000000
3591.000000 3.000000
3617.000000 3.000000
3643.000000 3.000000
3669.000000 3.000000
3695.000000 3.000000
3721.000000 3.000000
3747.000000 3.000000
3773.000000 3.000000
3799.000000 3.000000
3825.000000 3.000000
3851.000000 3.000000
3877.000000 3.000000
3903.000000 3.000000
3929.000000 3.000000
3955.000000 3.000000
3981.000000 3.000000
4007.000000 3.000000
4033.000000 3.000000
4059.000000 3.000000
4085.000000 3.000000
4111.000000 3.000000
4137.000000 3.000000
4163.000000 3.000000
4189.000000 3.000000
4215.000000 3.000000
4241.000000 3.000000
4267.000000 3.000000
4293.000000 3.000000
4319.000000 3.000000
4345.000000 3.000000
4371.000000 3.000000
4397.000000 3.000000
4423.000000 3.000000
4449.000000 3.000000
4475.000000 3.000000
4501.000000 3.000000
4527.000000 3.000000
4553.000000 3.000000
4579.000000 3.000000
4605.000000 3.000000
4631.000000 3.000000
4657.000000 3.000000
4683.000000 3.000000
4709.000000 3.000000
4735.000000 3.000000
4761.000000 3.000000
4787.000000 3.000000
4813.000000 3.000000
4839.000000 3.000000
4865.000000 3.000000
4891.000000 3.000000
4917.000000 3.000000
4943.000000 3.000000
4969.000000 3.000000
4995.000000 3.000000
5021.000000 3.000000
5047.000000 3.000000
5073.000000 3.000000
5099.000000 3.000000
5125.000000 3.000000
5151.000000 3.000000
5177.000000 3.000000
