3 4 799.9
3 4 1699.8
3 3 2599.4
3 4 3499.3
3 4 4399.2
3 3 5298.8
3 3 6198.4
3 4 7098.3
3 4 7998.2
3 4 8898.1
3 3 9797.7
3 4 10698
3 4 11598
3 3 12497
3 4 13397
3 3 14297
3 3 15196
3 4 16096
3 4 16996
3 4 17896
3 4 18796
3 3 19695
3 4 20595
3 4 21495
3 4 22395
3 4 23295
3 4 24195
3 3 25094
3 4 25994
3 3 26894
3 4 27794
3 3 28694
3 3 29593
3 3 30493
3 3 31392
3 4 32292
3 4 33192
3 3 34092
3 4 34992
3 3 35891
3 3 36791
3 3 37690
3 4 38590
3 4 39490
3 3 40390
3 3 41289
3 3 42189
3 4 43089
3 4 43989
3 4 44889
3 3 45788
3 4 46688
3 4 47588
3 3 48488
3 3 49387
3 3 50287
3 4 51187
3 3 52086
3 4 52986
3 3 53886
3 4 54786
3 3 55685
3 4 56585
3 4 57485
3 4 58385
3 4 59285
3 4 60185
3 3 61084
3 3 61984
3 3 62884
3 4 63784
3 3 64683
3 4 65583
3 3 66483
3 4 67383
3 3 68282
3 3 69182
3 3 70081
3 4 70981
3 3 71881
3 3 72780
3 4 73680
3 4 74580
3 4 75480
3 4 76380
3 3 77280
3 4 78180
3 4 79080
3 3 79979
3 4 80879
3 3 81779
3 3 82678
3 4 83578
3 4 84478
3 4 85378
3 3 86278
3 4 87177
3 3 88077
3 3 88977
3 3 89876
3 3 90776
3 4 91676
3 3 92575
3 4 93475
3 3 94375
3 4 95275
3 3 96174
3 4 97074
3 4 97974
3 4 98874
3 3 99774
3 3 1.0067e+05
3 3 1.0157e+05
3 4 1.0247e+05
3 3 1.0337e+05
3 4 1.0427e+05
3 4 1.0517e+05
3 4 1.0607e+05
3 3 1.0697e+05
3 3 1.0787e+05
3 3 1.0877e+05
3 4 1.0967e+05
3 3 1.1057e+05
3 4 1.1147e+05
3 4 1.1237e+05
3 4 1.1327e+05
3 3 1.1417e+05
3 3 1.1507e+05
3 3 1.1597e+05
3 4 1.1687e+05
3 3 1.1777e+05
3 4 1.1867e+05
3 3 1.1957e+05
3 3 1.2047e+05
3 3 1.2137e+05
3 3 1.2227e+05
3 4 1.2317e+05
3 4 1.2407e+05
3 4 1.2497e+05
3 3 1.2587e+05
3 4 1.2677e+05
3 4 1.2767e+05
3 3 1.2857e+05
3 4 1.2947e+05
3 3 1.3036e+05
3 3 1.3126e+05
3 3 1.3216e+05
3 3 1.3306e+05
3 3 1.3396e+05
3 3 1.3486e+05
3 3 1.3576e+05
3 3 1.3666e+05
3 4 1.3756e+05
3 4 1.3846e+05
3 3 1.3936e+05
3 3 1.4026e+05
3 3 1.4116e+05
3 4 1.4206e+05
3 3 1.4296e+05
3 3 1.4386e+05
3 4 1.4476e+05
3 3 1.4566e+05
3 3 1.4656e+05
3 3 1.4746e+05
3 3 1.4836e+05
3 3 1.4926e+05
3 4 1.5016e+05
3 4 1.5106e+05
3 4 1.5196e+05
3 3 1.5286e+05
3 3 1.5376e+05
3 3 1.5466e+05
3 4 1.5556e+05
3 3 1.5646e+05
3 3 1.5736e+05
3 3 1.5825e+05
3 4 1.5915e+05
3 4 1.6005e+05
3 4 1.6095e+05
3 3 1.6185e+05
3 4 1.6275e+05
3 3 1.6365e+05
3 4 1.6455e+05
3 3 1.6545e+05
3 4 1.6635e+05
3 3 1.6725e+05
3 3 1.6815e+05
3 4 1.6905e+05
3 4 1.6995e+05
3 3 1.7085e+05
3 4 1.7175e+05
3 4 1.7265e+05
3 3 1.7355e+05
3 3 1.7445e+05
3 3 1.7535e+05
3 3 1.7625e+05
3 4 1.7715e+05
3 4 1.7805e+05
3 4 1.7895e+05
3 4 1.7985e+05
