724.000000 809.000000
1546.000000 809.000000
2368.000000 809.000000
3190.000000 809.000000
4012.000000 809.000000
4834.000000 809.000000
5656.000000 809.000000
6478.000000 809.000000
7300.000000 809.000000
8122.000000 809.000000
8944.000000 809.000000
9766.000000 809.000000
10588.000000 809.000000
11410.000000 809.000000
12232.000000 809.000000
13054.000000 809.000000
13876.000000 809.000000
14698.000000 809.000000
15520.000000 809.000000
16342.000000 809.000000
17164.000000 809.000000
17986.000000 809.000000
18808.000000 809.000000
19630.000000 809.000000
20452.000000 809.000000
21274.000000 809.000000
22096.000000 809.000000
22918.000000 809.000000
23740.000000 809.000000
24562.000000 809.000000
25384.000000 809.000000
26206.000000 809.000000
27028.000000 809.000000
27850.000000 809.000000
28672.000000 809.000000
29494.000000 809.000000
30316.000000 809.000000
31138.000000 809.000000
31960.000000 809.000000
32782.000000 809.000000
33604.000000 809.000000
34426.000000 809.000000
35248.000000 809.000000
36070.000000 809.000000
36892.000000 809.000000
37714.000000 809.000000
38536.000000 809.000000
39358.000000 809.000000
40180.000000 809.000000
41002.000000 809.000000
41824.000000 809.000000
42646.000000 809.000000
43468.000000 809.000000
44290.000000 809.000000
45112.000000 809.000000
45934.000000 809.000000
46756.000000 809.000000
47578.000000 809.000000
48400.000000 809.000000
49222.000000 809.000000
50044.000000 809.000000
50866.000000 809.000000
51688.000000 809.000000
52510.000000 809.000000
53332.000000 809.000000
54154.000000 809.000000
54976.000000 809.000000
55798.000000 809.000000
56620.000000 809.000000
57442.000000 809.000000
58264.000000 809.000000
59086.000000 809.000000
59908.000000 809.000000
60730.000000 809.000000
61552.000000 809.000000
62374.000000 809.000000
63196.000000 809.000000
64018.000000 809.000000
64840.000000 809.000000
65662.000000 809.000000
66484.000000 809.000000
67306.000000 809.000000
68128.000000 809.000000
68950.000000 809.000000
69772.000000 809.000000
70594.000000 809.000000
71416.000000 809.000000
72238.000000 809.000000
73060.000000 809.000000
73882.000000 809.000000
74704.000000 809.000000
75526.000000 809.000000
76348.000000 809.000000
77170.000000 809.000000
77992.000000 809.000000
78814.000000 809.000000
79636.000000 809.000000
80458.000000 809.000000
81280.000000 809.000000
82102.000000 809.000000
82924.000000 809.000000
83746.000000 809.000000
84568.000000 809.000000
85390.000000 809.000000
86212.000000 809.000000
87034.000000 809.000000
87856.000000 809.000000
88678.000000 809.000000
89500.000000 809.000000
90322.000000 809.000000
91144.000000 809.000000
91966.000000 809.000000
92788.000000 809.000000
93610.000000 809.000000
94432.000000 809.000000
95254.000000 809.000000
96076.000000 809.000000
96898.000000 809.000000
97720.000000 809.000000
98542.000000 809.000000
99364.000000 809.000000
100186.000000 809.000000
101008.000000 809.000000
101830.000000 809.000000
102652.000000 809.000000
103474.000000 809.000000
104296.000000 809.000000
105118.000000 809.000000
105940.000000 809.000000
106762.000000 809.000000
107584.000000 809.000000
108406.000000 809.000000
109228.000000 809.000000
110050.000000 809.000000
110872.000000 809.000000
111694.000000 809.000000
112516.000000 809.000000
113338.000000 809.000000
114160.000000 809.000000
114982.000000 809.000000
115804.000000 809.000000
116626.000000 809.000000
117448.000000 809.000000
118270.000000 809.000000
119092.000000 809.000000
119914.000000 809.000000
120736.000000 809.000000
121558.000000 809.000000
122380.000000 809.000000
123202.000000 809.000000
124024.000000 809.000000
124846.000000 809.000000
125668.000000 809.000000
126490.000000 809.000000
127312.000000 809.000000
128134.000000 809.000000
128956.000000 809.000000
129778.000000 809.000000
130600.000000 809.000000
131422.000000 809.000000
132244.000000 809.000000
133066.000000 809.000000
133888.000000 809.000000
134710.000000 809.000000
135532.000000 809.000000
136354.000000 809.000000
137176.000000 809.000000
137998.000000 809.000000
138820.000000 809.000000
139642.000000 809.000000
140464.000000 809.000000
141286.000000 809.000000
142108.000000 809.000000
142930.000000 809.000000
143752.000000 809.000000
144574.000000 809.000000
145396.000000 809.000000
146218.000000 809.000000
147040.000000 809.000000
147862.000000 809.000000
148684.000000 809.000000
149506.000000 809.000000
150328.000000 809.000000
151150.000000 809.000000
151972.000000 809.000000
152794.000000 809.000000
153616.000000 809.000000
154438.000000 809.000000
155260.000000 809.000000
156082.000000 809.000000
156904.000000 809.000000
157726.000000 809.000000
158548.000000 809.000000
159370.000000 809.000000
160192.000000 809.000000
161014.000000 809.000000
161836.000000 809.000000
162658.000000 809.000000
163480.000000 809.000000
164302.000000 809.000000
165149.000000 809.000000
165996.000000 809.000000
166843.000000 809.000000
167690.000000 809.000000
168537.000000 809.000000
169384.000000 809.000000
170231.000000 809.000000
171078.000000 809.000000
171925.000000 809.000000
172772.000000 809.000000
173619.000000 809.000000
174466.000000 809.000000
175313.000000 809.000000
176160.000000 809.000000
177007.000000 809.000000
177854.000000 809.000000
178701.000000 809.000000
179548.000000 809.000000
180395.000000 809.000000
181242.000000 809.000000
182089.000000 809.000000
182936.000000 809.000000
183783.000000 809.000000
184630.000000 809.000000
185477.000000 809.000000
186324.000000 809.000000
187171.000000 809.000000
188018.000000 809.000000
188865.000000 809.000000
189712.000000 809.000000
190559.000000 809.000000
191406.000000 809.000000
192253.000000 809.000000
193100.000000 809.000000
193947.000000 809.000000
194794.000000 809.000000
195641.000000 809.000000
196488.000000 809.000000
197335.000000 809.000000
198182.000000 809.000000
199029.000000 809.000000
199876.000000 809.000000
200723.000000 809.000000
201570.000000 809.000000
202417.000000 809.000000
203264.000000 809.000000
204111.000000 809.000000
204958.000000 809.000000
205805.000000 809.000000
206652.000000 809.000000
207499.000000 809.000000
208346.000000 809.000000
209193.000000 809.000000
210040.000000 809.000000
210887.000000 809.000000
211734.000000 809.000000
212581.000000 809.000000
213428.000000 809.000000
214275.000000 809.000000
215122.000000 809.000000
215969.000000 809.000000
216816.000000 809.000000
217663.000000 809.000000
218510.000000 809.000000
219357.000000 809.000000
220204.000000 809.000000
221051.000000 809.000000
221898.000000 809.000000
222745.000000 809.000000
223592.000000 809.000000
224439.000000 809.000000
225286.000000 809.000000
226133.000000 809.000000
226980.000000 809.000000
227827.000000 809.000000
228674.000000 809.000000
229521.000000 809.000000
230368.000000 809.000000
231215.000000 809.000000
232062.000000 809.000000
232909.000000 809.000000
233756.000000 809.000000
234603.000000 809.000000
235450.000000 809.000000
236297.000000 809.000000
237144.000000 809.000000
237991.000000 809.000000
238838.000000 809.000000
239685.000000 809.000000
240532.000000 809.000000
241379.000000 809.000000
242226.000000 809.000000
243073.000000 809.000000
243920.000000 809.000000
244767.000000 809.000000
245614.000000 809.000000
246461.000000 809.000000
247308.000000 809.000000
248155.000000 809.000000
249002.000000 809.000000
249849.000000 809.000000
250696.000000 809.000000
251543.000000 809.000000
252390.000000 809.000000
253237.000000 809.000000
254084.000000 809.000000
254931.000000 809.000000
255778.000000 809.000000
256625.000000 809.000000
257472.000000 809.000000
258319.000000 809.000000
259166.000000 809.000000
260013.000000 809.000000
260860.000000 809.000000
261707.000000 809.000000
262554.000000 809.000000
263401.000000 809.000000
264248.000000 809.000000
265095.000000 809.000000
265942.000000 809.000000
266789.000000 809.000000
267636.000000 809.000000
268483.000000 809.000000
269330.000000 809.000000
270177.000000 809.000000
271024.000000 809.000000
271871.000000 809.000000
272718.000000 809.000000
273565.000000 809.000000
274412.000000 809.000000
275259.000000 809.000000
276106.000000 809.000000
276953.000000 809.000000
277800.000000 809.000000
278647.000000 809.000000
279494.000000 809.000000
280341.000000 809.000000
281188.000000 809.000000
282035.000000 809.000000
282882.000000 809.000000
283729.000000 809.000000
284576.000000 809.000000
285423.000000 809.000000
286270.000000 809.000000
287117.000000 809.000000
287964.000000 809.000000
288811.000000 809.000000
289658.000000 809.000000
290505.000000 809.000000
291352.000000 809.000000
292199.000000 809.000000
293046.000000 809.000000
293893.000000 809.000000
294740.000000 809.000000
295587.000000 809.000000
296434.000000 809.000000
297281.000000 809.000000
298128.000000 809.000000
298975.000000 809.000000
299822.000000 809.000000
300669.000000 809.000000
301516.000000 809.000000
302363.000000 809.000000
303210.000000 809.000000
304057.000000 809.000000
304904.000000 809.000000
305751.000000 809.000000
306598.000000 809.000000
307445.000000 809.000000
308292.000000 809.000000
309139.000000 809.000000
309986.000000 809.000000
310833.000000 809.000000
311680.000000 809.000000
312527.000000 809.000000
313374.000000 809.000000
314221.000000 809.000000
315068.000000 809.000000
315915.000000 809.000000
316762.000000 809.000000
317609.000000 809.000000
318456.000000 809.000000
319303.000000 809.000000
320150.000000 809.000000
320997.000000 809.000000
321844.000000 809.000000
322691.000000 809.000000
323538.000000 809.000000
324385.000000 809.000000
325232.000000 809.000000
326079.000000 809.000000
326926.000000 809.000000
327773.000000 809.000000
328620.000000 809.000000
329467.000000 809.000000
330314.000000 809.000000
331161.000000 809.000000
332008.000000 809.000000
332855.000000 809.000000
333702.000000 809.000000
334558.000000 809.000000
335414.000000 809.000000
336270.000000 809.000000
337126.000000 809.000000
337982.000000 809.000000
338838.000000 809.000000
339694.000000 809.000000
340550.000000 809.000000
341406.000000 809.000000
342262.000000 809.000000
343118.000000 809.000000
343974.000000 809.000000
344830.000000 809.000000
345686.000000 809.000000
346542.000000 809.000000
347398.000000 809.000000
348254.000000 809.000000
349110.000000 809.000000
349966.000000 809.000000
350822.000000 809.000000
351678.000000 809.000000
352534.000000 809.000000
353390.000000 809.000000
354246.000000 809.000000
355102.000000 809.000000
355958.000000 809.000000
356814.000000 809.000000
357670.000000 809.000000
358526.000000 809.000000
359382.000000 809.000000
360238.000000 809.000000
361094.000000 809.000000
361950.000000 809.000000
362806.000000 809.000000
363662.000000 809.000000
364518.000000 809.000000
365374.000000 809.000000
366230.000000 809.000000
367086.000000 809.000000
367942.000000 809.000000
368798.000000 809.000000
369654.000000 809.000000
370510.000000 809.000000
371366.000000 809.000000
372222.000000 809.000000
373078.000000 809.000000
373934.000000 809.000000
374790.000000 809.000000
375646.000000 809.000000
376502.000000 809.000000
377358.000000 809.000000
378214.000000 809.000000
379070.000000 809.000000
379926.000000 809.000000
380782.000000 809.000000
381638.000000 809.000000
382494.000000 809.000000
383350.000000 809.000000
384206.000000 809.000000
385062.000000 809.000000
385918.000000 809.000000
386774.000000 809.000000
387630.000000 809.000000
388486.000000 809.000000
389342.000000 809.000000
390198.000000 809.000000
391054.000000 809.000000
391910.000000 809.000000
392766.000000 809.000000
393622.000000 809.000000
394478.000000 809.000000
395334.000000 809.000000
396190.000000 809.000000
397046.000000 809.000000
397902.000000 809.000000
398758.000000 809.000000
399614.000000 809.000000
400470.000000 809.000000
401326.000000 809.000000
402182.000000 809.000000
403038.000000 809.000000
403894.000000 809.000000
404750.000000 809.000000
405606.000000 809.000000
406462.000000 809.000000
407318.000000 809.000000
408174.000000 809.000000
409030.000000 809.000000
409886.000000 809.000000
410742.000000 809.000000
411598.000000 809.000000
412454.000000 809.000000
413310.000000 809.000000
414166.000000 809.000000
415022.000000 809.000000
415878.000000 809.000000
416734.000000 809.000000
417590.000000 809.000000
418446.000000 809.000000
419302.000000 809.000000
420158.000000 809.000000
421014.000000 809.000000
421870.000000 809.000000
422726.000000 809.000000
423582.000000 809.000000
424438.000000 809.000000
425294.000000 809.000000
426150.000000 809.000000
427006.000000 809.000000
427862.000000 809.000000
428718.000000 809.000000
429574.000000 809.000000
430430.000000 809.000000
431286.000000 809.000000
432142.000000 809.000000
432998.000000 809.000000
433854.000000 809.000000
434710.000000 809.000000
435566.000000 809.000000
436422.000000 809.000000
437278.000000 809.000000
438134.000000 809.000000
438990.000000 809.000000
439846.000000 809.000000
440702.000000 809.000000
441558.000000 809.000000
442414.000000 809.000000
443270.000000 809.000000
444126.000000 809.000000
444982.000000 809.000000
445838.000000 809.000000
446694.000000 809.000000
447550.000000 809.000000
448406.000000 809.000000
449262.000000 809.000000
450118.000000 809.000000
450974.000000 809.000000
451830.000000 809.000000
452686.000000 809.000000
453542.000000 809.000000
454398.000000 809.000000
455254.000000 809.000000
456110.000000 809.000000
456966.000000 809.000000
457822.000000 809.000000
458678.000000 809.000000
459534.000000 809.000000
460390.000000 809.000000
461246.000000 809.000000
462102.000000 809.000000
462958.000000 809.000000
463814.000000 809.000000
464670.000000 809.000000
465526.000000 809.000000
466382.000000 809.000000
467238.000000 809.000000
468094.000000 809.000000
468950.000000 809.000000
469806.000000 809.000000
470662.000000 809.000000
471518.000000 809.000000
472374.000000 809.000000
473230.000000 809.000000
474086.000000 809.000000
474942.000000 809.000000
475798.000000 809.000000
476654.000000 809.000000
477510.000000 809.000000
478366.000000 809.000000
479222.000000 809.000000
480078.000000 809.000000
480934.000000 809.000000
481790.000000 809.000000
482646.000000 809.000000
483502.000000 809.000000
484358.000000 809.000000
485214.000000 809.000000
486070.000000 809.000000
486926.000000 809.000000
487782.000000 809.000000
488638.000000 809.000000
489494.000000 809.000000
490350.000000 809.000000
491206.000000 809.000000
492062.000000 809.000000
492918.000000 809.000000
493774.000000 809.000000
494630.000000 809.000000
495486.000000 809.000000
496342.000000 809.000000
497198.000000 809.000000
498054.000000 809.000000
498910.000000 809.000000
499766.000000 809.000000
500622.000000 809.000000
501478.000000 809.000000
502334.000000 809.000000
503190.000000 809.000000
504046.000000 809.000000
504902.000000 809.000000
506376.000000 809.000000
507850.000000 809.000000
509324.000000 809.000000
510798.000000 809.000000
512272.000000 809.000000
513746.000000 809.000000
515220.000000 809.000000
516694.000000 809.000000
518168.000000 809.000000
519642.000000 809.000000
521116.000000 809.000000
522590.000000 809.000000
524064.000000 809.000000
525538.000000 809.000000
527012.000000 809.000000
528486.000000 809.000000
529960.000000 809.000000
531434.000000 809.000000
532908.000000 809.000000
534382.000000 809.000000
535856.000000 809.000000
537330.000000 809.000000
538804.000000 809.000000
540278.000000 809.000000
541752.000000 809.000000
543226.000000 809.000000
544700.000000 809.000000
546174.000000 809.000000
547648.000000 809.000000
549122.000000 809.000000
550596.000000 809.000000
552070.000000 809.000000
553544.000000 809.000000
555018.000000 809.000000
556492.000000 809.000000
557966.000000 809.000000
559440.000000 809.000000
560914.000000 809.000000
562388.000000 809.000000
563862.000000 809.000000
565336.000000 809.000000
566810.000000 809.000000
568284.000000 809.000000
569758.000000 809.000000
571232.000000 809.000000
572706.000000 809.000000
574180.000000 809.000000
575654.000000 809.000000
577128.000000 809.000000
578602.000000 809.000000
580076.000000 809.000000
581550.000000 809.000000
583024.000000 809.000000
584498.000000 809.000000
585972.000000 809.000000
587446.000000 809.000000
588920.000000 809.000000
590394.000000 809.000000
591868.000000 809.000000
593342.000000 809.000000
594816.000000 809.000000
596290.000000 809.000000
597764.000000 809.000000
599238.000000 809.000000
600712.000000 809.000000
602186.000000 809.000000
603660.000000 809.000000
605134.000000 809.000000
606608.000000 809.000000
608082.000000 809.000000
609556.000000 809.000000
611030.000000 809.000000
612504.000000 809.000000
613978.000000 809.000000
615452.000000 809.000000
616926.000000 809.000000
618400.000000 809.000000
619874.000000 809.000000
621348.000000 809.000000
622822.000000 809.000000
624296.000000 809.000000
625770.000000 809.000000
627244.000000 809.000000
628718.000000 809.000000
630192.000000 809.000000
631666.000000 809.000000
633140.000000 809.000000
634614.000000 809.000000
636088.000000 809.000000
637562.000000 809.000000
639036.000000 809.000000
640510.000000 809.000000
641984.000000 809.000000
643458.000000 809.000000
644932.000000 809.000000
646406.000000 809.000000
647880.000000 809.000000
649354.000000 809.000000
650828.000000 809.000000
652302.000000 809.000000
653776.000000 809.000000
655250.000000 809.000000
656724.000000 809.000000
658198.000000 809.000000
659672.000000 809.000000
661146.000000 809.000000
662620.000000 809.000000
664094.000000 809.000000
665568.000000 809.000000
667042.000000 809.000000
668516.000000 809.000000
669990.000000 809.000000
671464.000000 809.000000
672938.000000 809.000000
674412.000000 809.000000
675886.000000 809.000000
677360.000000 809.000000
678834.000000 809.000000
680308.000000 809.000000
681782.000000 809.000000
683256.000000 809.000000
684730.000000 809.000000
686204.000000 809.000000
687678.000000 809.000000
689152.000000 809.000000
690626.000000 809.000000
692100.000000 809.000000
693574.000000 809.000000
695048.000000 809.000000
696522.000000 809.000000
697996.000000 809.000000
699470.000000 809.000000
700944.000000 809.000000
702418.000000 809.000000
703892.000000 809.000000
705366.000000 809.000000
706840.000000 809.000000
708314.000000 809.000000
709788.000000 809.000000
711262.000000 809.000000
712736.000000 809.000000
714210.000000 809.000000
715684.000000 809.000000
717158.000000 809.000000
718632.000000 809.000000
720106.000000 809.000000
721580.000000 809.000000
723054.000000 809.000000
724528.000000 809.000000
726002.000000 809.000000
727476.000000 809.000000
728950.000000 809.000000
730424.000000 809.000000
731898.000000 809.000000
733372.000000 809.000000
734846.000000 809.000000
736320.000000 809.000000
737794.000000 809.000000
739268.000000 809.000000
740742.000000 809.000000
742216.000000 809.000000
743690.000000 809.000000
745164.000000 809.000000
746638.000000 809.000000
748112.000000 809.000000
749586.000000 809.000000
751060.000000 809.000000
752534.000000 809.000000
754008.000000 809.000000
755482.000000 809.000000
756956.000000 809.000000
758430.000000 809.000000
759904.000000 809.000000
761378.000000 809.000000
762852.000000 809.000000
764326.000000 809.000000
765800.000000 809.000000
767274.000000 809.000000
768748.000000 809.000000
770222.000000 809.000000
771696.000000 809.000000
773170.000000 809.000000
774644.000000 809.000000
776118.000000 809.000000
777592.000000 809.000000
779066.000000 809.000000
780540.000000 809.000000
782014.000000 809.000000
783488.000000 809.000000
784962.000000 809.000000
786436.000000 809.000000
787910.000000 809.000000
789384.000000 809.000000
790858.000000 809.000000
792332.000000 809.000000
793806.000000 809.000000
795280.000000 809.000000
796754.000000 809.000000
798228.000000 809.000000
799702.000000 809.000000
801157.000000 809.000000
802612.000000 809.000000
804067.000000 809.000000
805522.000000 809.000000
806977.000000 809.000000
808432.000000 809.000000
809887.000000 809.000000
811342.000000 809.000000
812797.000000 809.000000
814252.000000 809.000000
815707.000000 809.000000
817162.000000 809.000000
818617.000000 809.000000
820072.000000 809.000000
821527.000000 809.000000
822982.000000 809.000000
824437.000000 809.000000
825892.000000 809.000000
827347.000000 809.000000
828802.000000 809.000000
830257.000000 809.000000
831712.000000 809.000000
833167.000000 809.000000
834622.000000 809.000000
836077.000000 809.000000
837532.000000 809.000000
838987.000000 809.000000
840442.000000 809.000000
841897.000000 809.000000
843352.000000 809.000000
844807.000000 809.000000
846262.000000 809.000000
847717.000000 809.000000
849172.000000 809.000000
850627.000000 809.000000
852082.000000 809.000000
853537.000000 809.000000
854992.000000 809.000000
856447.000000 809.000000
857902.000000 809.000000
859357.000000 809.000000
860812.000000 809.000000
862267.000000 809.000000
863722.000000 809.000000
865177.000000 809.000000
866632.000000 809.000000
868087.000000 809.000000
869542.000000 809.000000
870997.000000 809.000000
872452.000000 809.000000
873907.000000 809.000000
875362.000000 809.000000
876817.000000 809.000000
878272.000000 809.000000
879727.000000 809.000000
881182.000000 809.000000
882637.000000 809.000000
884092.000000 809.000000
885547.000000 809.000000
887002.000000 809.000000
888457.000000 809.000000
889912.000000 809.000000
891367.000000 809.000000
892822.000000 809.000000
894277.000000 809.000000
895732.000000 809.000000
897187.000000 809.000000
898642.000000 809.000000
900097.000000 809.000000
901552.000000 809.000000
903007.000000 809.000000
904462.000000 809.000000
905917.000000 809.000000
907372.000000 809.000000
908827.000000 809.000000
910282.000000 809.000000
911737.000000 809.000000
913192.000000 809.000000
914647.000000 809.000000
916102.000000 809.000000
917557.000000 809.000000
919012.000000 809.000000
920467.000000 809.000000
921922.000000 809.000000
923377.000000 809.000000
924832.000000 809.000000
926287.000000 809.000000
927742.000000 809.000000
929197.000000 809.000000
930652.000000 809.000000
932107.000000 809.000000
933562.000000 809.000000
935017.000000 809.000000
936472.000000 809.000000
937927.000000 809.000000
939382.000000 809.000000
940837.000000 809.000000
942292.000000 809.000000
943747.000000 809.000000
945202.000000 809.000000
946657.000000 809.000000
948112.000000 809.000000
949567.000000 809.000000
951022.000000 809.000000
952477.000000 809.000000
953932.000000 809.000000
955387.000000 809.000000
956842.000000 809.000000
958297.000000 809.000000
959752.000000 809.000000
961207.000000 809.000000
962662.000000 809.000000
964117.000000 809.000000
965572.000000 809.000000
967027.000000 809.000000
968482.000000 809.000000
969937.000000 809.000000
971392.000000 809.000000
972847.000000 809.000000
974302.000000 809.000000
975757.000000 809.000000
977212.000000 809.000000
978667.000000 809.000000
980122.000000 809.000000
981577.000000 809.000000
983032.000000 809.000000
984487.000000 809.000000
985942.000000 809.000000
987397.000000 809.000000
988852.000000 809.000000
990307.000000 809.000000
991762.000000 809.000000
993217.000000 809.000000
994672.000000 809.000000
996127.000000 809.000000
997582.000000 809.000000
999037.000000 809.000000
1000492.000000 809.000000
1001947.000000 809.000000
1003402.000000 809.000000
1004857.000000 809.000000
1006312.000000 809.000000
1007767.000000 809.000000
1009222.000000 809.000000
1010677.000000 809.000000
1012132.000000 809.000000
1013587.000000 809.000000
1015042.000000 809.000000
1016497.000000 809.000000
1017952.000000 809.000000
1019407.000000 809.000000
1020862.000000 809.000000
1022317.000000 809.000000
1023772.000000 809.000000
1025227.000000 809.000000
1026682.000000 809.000000
1028137.000000 809.000000
1029592.000000 809.000000
1031047.000000 809.000000
1032502.000000 809.000000
1033957.000000 809.000000
1035412.000000 809.000000
1036867.000000 809.000000
1038322.000000 809.000000
1039777.000000 809.000000
1041232.000000 809.000000
1042687.000000 809.000000
1044142.000000 809.000000
1045597.000000 809.000000
1047052.000000 809.000000
1048507.000000 809.000000
1049962.000000 809.000000
1051417.000000 809.000000
1052872.000000 809.000000
1054327.000000 809.000000
1055782.000000 809.000000
1057237.000000 809.000000
1058692.000000 809.000000
1060147.000000 809.000000
1061602.000000 809.000000
1063057.000000 809.000000
1064512.000000 809.000000
1065967.000000 809.000000
1067422.000000 809.000000
1068877.000000 809.000000
1070332.000000 809.000000
1071787.000000 809.000000
1073242.000000 809.000000
1074697.000000 809.000000
1076152.000000 809.000000
1077607.000000 809.000000
1079062.000000 809.000000
1080517.000000 809.000000
1081972.000000 809.000000
1083427.000000 809.000000
1084882.000000 809.000000
1086337.000000 809.000000
1087792.000000 809.000000
1089247.000000 809.000000
1090702.000000 809.000000
1091368.000000 809.000000
1092034.000000 809.000000
1092700.000000 809.000000
1093366.000000 809.000000
1094032.000000 809.000000
1094698.000000 809.000000
1095364.000000 809.000000
1096030.000000 809.000000
1096696.000000 809.000000
1097362.000000 809.000000
1098028.000000 809.000000
1098694.000000 809.000000
1099360.000000 809.000000
1100026.000000 809.000000
1100692.000000 809.000000
1101358.000000 809.000000
1102024.000000 809.000000
1102690.000000 809.000000
1103356.000000 809.000000
1104022.000000 809.000000
1104688.000000 809.000000
1105354.000000 809.000000
1106020.000000 809.000000
1106686.000000 809.000000
1107352.000000 809.000000
1108018.000000 809.000000
1108684.000000 809.000000
1109350.000000 809.000000
1110016.000000 809.000000
1110682.000000 809.000000
1111348.000000 809.000000
1112014.000000 809.000000
1112680.000000 809.000000
1113346.000000 809.000000
1114012.000000 809.000000
1114678.000000 809.000000
1115344.000000 809.000000
1116010.000000 809.000000
1116676.000000 809.000000
1117342.000000 809.000000
1118008.000000 809.000000
1118674.000000 809.000000
1119340.000000 809.000000
1120006.000000 809.000000
1120672.000000 809.000000
1121338.000000 809.000000
1122004.000000 809.000000
1122670.000000 809.000000
1123336.000000 809.000000
1124002.000000 809.000000
1124668.000000 809.000000
1125334.000000 809.000000
1126000.000000 809.000000
1126666.000000 809.000000
1127332.000000 809.000000
1127998.000000 809.000000
1128664.000000 809.000000
1129330.000000 809.000000
1129996.000000 809.000000
1130662.000000 809.000000
1131328.000000 809.000000
1131994.000000 809.000000
1132660.000000 809.000000
1133326.000000 809.000000
1133992.000000 809.000000
1134658.000000 809.000000
1135324.000000 809.000000
1135990.000000 809.000000
1136656.000000 809.000000
1137322.000000 809.000000
1137988.000000 809.000000
1138654.000000 809.000000
1139320.000000 809.000000
1139986.000000 809.000000
1140652.000000 809.000000
1141318.000000 809.000000
1141984.000000 809.000000
1142650.000000 809.000000
1143316.000000 809.000000
1143982.000000 809.000000
1144648.000000 809.000000
1145314.000000 809.000000
1145980.000000 809.000000
1146646.000000 809.000000
1147312.000000 809.000000
1147978.000000 809.000000
1148644.000000 809.000000
1149310.000000 809.000000
1149976.000000 809.000000
1150642.000000 809.000000
1151308.000000 809.000000
1151974.000000 809.000000
1152640.000000 809.000000
1153306.000000 809.000000
1153972.000000 809.000000
1154638.000000 809.000000
1155304.000000 809.000000
1155970.000000 809.000000
1156636.000000 809.000000
1157302.000000 809.000000
1157968.000000 809.000000
1158634.000000 809.000000
1159300.000000 809.000000
1159966.000000 809.000000
1160632.000000 809.000000
1161298.000000 809.000000
1161964.000000 809.000000
1162630.000000 809.000000
1163296.000000 809.000000
1163962.000000 809.000000
1164628.000000 809.000000
1165294.000000 809.000000
1165960.000000 809.000000
1166626.000000 809.000000
1167292.000000 809.000000
1167958.000000 809.000000
1168624.000000 809.000000
1169290.000000 809.000000
1169956.000000 809.000000
1170622.000000 809.000000
1171288.000000 809.000000
1171954.000000 809.000000
1172620.000000 809.000000
1173286.000000 809.000000
1173952.000000 809.000000
1174618.000000 809.000000
1175284.000000 809.000000
1175950.000000 809.000000
1176616.000000 809.000000
1177282.000000 809.000000
1177948.000000 809.000000
1178614.000000 809.000000
1179280.000000 809.000000
1179946.000000 809.000000
1180612.000000 809.000000
1181278.000000 809.000000
1181944.000000 809.000000
1182610.000000 809.000000
1183276.000000 809.000000
1183942.000000 809.000000
1184608.000000 809.000000
1185274.000000 809.000000
1185940.000000 809.000000
1186606.000000 809.000000
1187272.000000 809.000000
1187938.000000 809.000000
1188604.000000 809.000000
1189270.000000 809.000000
1189936.000000 809.000000
1190602.000000 809.000000
1191268.000000 809.000000
1191934.000000 809.000000
1192600.000000 809.000000
1193266.000000 809.000000
1193932.000000 809.000000
1194598.000000 809.000000
1195264.000000 809.000000
1195930.000000 809.000000
1196596.000000 809.000000
1197262.000000 809.000000
1197928.000000 809.000000
1198594.000000 809.000000
1199260.000000 809.000000
1199926.000000 809.000000
1200592.000000 809.000000
1201258.000000 809.000000
1201924.000000 809.000000
1202590.000000 809.000000
1203256.000000 809.000000
1203922.000000 809.000000
1204588.000000 809.000000
1205254.000000 809.000000
1205920.000000 809.000000
1206586.000000 809.000000
1207252.000000 809.000000
1207918.000000 809.000000
1208584.000000 809.000000
1209250.000000 809.000000
1209916.000000 809.000000
1210582.000000 809.000000
1211248.000000 809.000000
1211914.000000 809.000000
1212580.000000 809.000000
1213246.000000 809.000000
1213912.000000 809.000000
1214578.000000 809.000000
1215244.000000 809.000000
1215910.000000 809.000000
1216576.000000 809.000000
1217242.000000 809.000000
1217908.000000 809.000000
1218574.000000 809.000000
1219240.000000 809.000000
1219906.000000 809.000000
1220572.000000 809.000000
1221238.000000 809.000000
1221904.000000 809.000000
1222570.000000 809.000000
1223236.000000 809.000000
1223902.000000 809.000000
1224589.000000 809.000000
1225276.000000 809.000000
1225963.000000 809.000000
1226650.000000 809.000000
1227337.000000 809.000000
1228024.000000 809.000000
1228711.000000 809.000000
1229398.000000 809.000000
1230085.000000 809.000000
1230772.000000 809.000000
1231459.000000 809.000000
1232146.000000 809.000000
1232833.000000 809.000000
1233520.000000 809.000000
1234207.000000 809.000000
1234894.000000 809.000000
1235581.000000 809.000000
1236268.000000 809.000000
1236955.000000 809.000000
1237642.000000 809.000000
1238329.000000 809.000000
1239016.000000 809.000000
1239703.000000 809.000000
1240390.000000 809.000000
1241077.000000 809.000000
1241764.000000 809.000000
1242451.000000 809.000000
1243138.000000 809.000000
1243825.000000 809.000000
1244512.000000 809.000000
1245199.000000 809.000000
1245886.000000 809.000000
1246573.000000 809.000000
1247260.000000 809.000000
1247947.000000 809.000000
1248634.000000 809.000000
1249321.000000 809.000000
1250008.000000 809.000000
1250695.000000 809.000000
1251382.000000 809.000000
1252069.000000 809.000000
1252756.000000 809.000000
1253443.000000 809.000000
1254130.000000 809.000000
1254817.000000 809.000000
1255504.000000 809.000000
1256191.000000 809.000000
1256878.000000 809.000000
1257565.000000 809.000000
1258252.000000 809.000000
1258939.000000 809.000000
1259626.000000 809.000000
1260313.000000 809.000000
1261000.000000 809.000000
1261687.000000 809.000000
1262374.000000 809.000000
1263061.000000 809.000000
1263748.000000 809.000000
1264435.000000 809.000000
1265122.000000 809.000000
1265809.000000 809.000000
1266496.000000 809.000000
1267183.000000 809.000000
1267870.000000 809.000000
1268557.000000 809.000000
1269244.000000 809.000000
1269931.000000 809.000000
1270618.000000 809.000000
1271305.000000 809.000000
1271992.000000 809.000000
1272679.000000 809.000000
1273366.000000 809.000000
1274053.000000 809.000000
1274740.000000 809.000000
1275427.000000 809.000000
1276114.000000 809.000000
1276801.000000 809.000000
1277488.000000 809.000000
1278175.000000 809.000000
1278862.000000 809.000000
1279549.000000 809.000000
1280236.000000 809.000000
1280923.000000 809.000000
1281610.000000 809.000000
1282297.000000 809.000000
1282984.000000 809.000000
1283671.000000 809.000000
1284358.000000 809.000000
1285045.000000 809.000000
1285732.000000 809.000000
1286419.000000 809.000000
1287106.000000 809.000000
1287793.000000 809.000000
1288480.000000 809.000000
1289167.000000 809.000000
1289854.000000 809.000000
1290541.000000 809.000000
1291228.000000 809.000000
1291915.000000 809.000000
1292602.000000 809.000000
1293289.000000 809.000000
1293976.000000 809.000000
1294663.000000 809.000000
1295350.000000 809.000000
1296037.000000 809.000000
1296724.000000 809.000000
1297411.000000 809.000000
1298098.000000 809.000000
1298785.000000 809.000000
1299472.000000 809.000000
1300159.000000 809.000000
1300846.000000 809.000000
1301533.000000 809.000000
1302220.000000 809.000000
1302907.000000 809.000000
1303594.000000 809.000000
1304281.000000 809.000000
1304968.000000 809.000000
1305655.000000 809.000000
1306342.000000 809.000000
1307029.000000 809.000000
1307716.000000 809.000000
1308403.000000 809.000000
1309090.000000 809.000000
1309777.000000 809.000000
1310464.000000 809.000000
1311151.000000 809.000000
1311838.000000 809.000000
1312525.000000 809.000000
1313212.000000 809.000000
1313899.000000 809.000000
1314586.000000 809.000000
1315273.000000 809.000000
1315960.000000 809.000000
1316647.000000 809.000000
1317334.000000 809.000000
1318021.000000 809.000000
1318708.000000 809.000000
1319395.000000 809.000000
1320082.000000 809.000000
1320769.000000 809.000000
1321456.000000 809.000000
1322143.000000 809.000000
1322830.000000 809.000000
1323517.000000 809.000000
1324204.000000 809.000000
1324891.000000 809.000000
1325578.000000 809.000000
1326265.000000 809.000000
1326952.000000 809.000000
1327639.000000 809.000000
1328326.000000 809.000000
1329013.000000 809.000000
1329700.000000 809.000000
1330387.000000 809.000000
1331074.000000 809.000000
1331761.000000 809.000000
1332448.000000 809.000000
1333135.000000 809.000000
1333822.000000 809.000000
1334509.000000 809.000000
1335196.000000 809.000000
1335883.000000 809.000000
1336570.000000 809.000000
1337257.000000 809.000000
1337944.000000 809.000000
1338631.000000 809.000000
1339318.000000 809.000000
1340005.000000 809.000000
1340692.000000 809.000000
1341379.000000 809.000000
1342066.000000 809.000000
1342753.000000 809.000000
1343440.000000 809.000000
1344127.000000 809.000000
1344814.000000 809.000000
1345501.000000 809.000000
1346188.000000 809.000000
1346875.000000 809.000000
1347562.000000 809.000000
1348249.000000 809.000000
1348936.000000 809.000000
1349623.000000 809.000000
1350310.000000 809.000000
1350997.000000 809.000000
1351684.000000 809.000000
1352371.000000 809.000000
1353058.000000 809.000000
1353745.000000 809.000000
1354432.000000 809.000000
1355119.000000 809.000000
1355806.000000 809.000000
1356493.000000 809.000000
1357180.000000 809.000000
1357867.000000 809.000000
1358554.000000 809.000000
1359241.000000 809.000000
1359928.000000 809.000000
1360615.000000 809.000000
1361302.000000 809.000000
1362505.000000 809.000000
1363708.000000 809.000000
1364911.000000 809.000000
1366114.000000 809.000000
1367317.000000 809.000000
1368520.000000 809.000000
1369723.000000 809.000000
1370926.000000 809.000000
1372129.000000 809.000000
1373332.000000 809.000000
1374535.000000 809.000000
1375738.000000 809.000000
1376941.000000 809.000000
1378144.000000 809.000000
1379347.000000 809.000000
1380550.000000 809.000000
1381753.000000 809.000000
1382956.000000 809.000000
1384159.000000 809.000000
1385362.000000 809.000000
1386565.000000 809.000000
1387768.000000 809.000000
1388971.000000 809.000000
1390174.000000 809.000000
1391377.000000 809.000000
1392580.000000 809.000000
1393783.000000 809.000000
1394986.000000 809.000000
1396189.000000 809.000000
1397392.000000 809.000000
1398595.000000 809.000000
1399798.000000 809.000000
1401001.000000 809.000000
1402204.000000 809.000000
1403407.000000 809.000000
1404610.000000 809.000000
1405813.000000 809.000000
1407016.000000 809.000000
1408219.000000 809.000000
1409422.000000 809.000000
1410625.000000 809.000000
1411828.000000 809.000000
1413031.000000 809.000000
1414234.000000 809.000000
1415437.000000 809.000000
1416640.000000 809.000000
1417843.000000 809.000000
1419046.000000 809.000000
1420249.000000 809.000000
1421452.000000 809.000000
1422655.000000 809.000000
1423858.000000 809.000000
1425061.000000 809.000000
1426264.000000 809.000000
1427467.000000 809.000000
1428670.000000 809.000000
1429873.000000 809.000000
1431076.000000 809.000000
1432279.000000 809.000000
1433482.000000 809.000000
1434685.000000 809.000000
1435888.000000 809.000000
1437091.000000 809.000000
1438294.000000 809.000000
1439497.000000 809.000000
1440700.000000 809.000000
1441903.000000 809.000000
1443106.000000 809.000000
1444309.000000 809.000000
1445512.000000 809.000000
1446715.000000 809.000000
1447918.000000 809.000000
1449121.000000 809.000000
1450324.000000 809.000000
1451527.000000 809.000000
1452730.000000 809.000000
1453933.000000 809.000000
1455136.000000 809.000000
1456339.000000 809.000000
1457542.000000 809.000000
1458745.000000 809.000000
1459948.000000 809.000000
1461151.000000 809.000000
1462354.000000 809.000000
1463557.000000 809.000000
1464760.000000 809.000000
1465963.000000 809.000000
1467166.000000 809.000000
1468369.000000 809.000000
1469572.000000 809.000000
1470775.000000 809.000000
1471978.000000 809.000000
1473181.000000 809.000000
1474384.000000 809.000000
1475587.000000 809.000000
1476790.000000 809.000000
1477993.000000 809.000000
1479196.000000 809.000000
1480399.000000 809.000000
1481602.000000 809.000000
1482805.000000 809.000000
1484008.000000 809.000000
1485211.000000 809.000000
1486414.000000 809.000000
1487617.000000 809.000000
1488820.000000 809.000000
1490023.000000 809.000000
1491226.000000 809.000000
1492429.000000 809.000000
1493632.000000 809.000000
1494835.000000 809.000000
1496038.000000 809.000000
1497241.000000 809.000000
1498444.000000 809.000000
1499647.000000 809.000000
1500850.000000 809.000000
1502053.000000 809.000000
1503256.000000 809.000000
1504459.000000 809.000000
1505662.000000 809.000000
1506865.000000 809.000000
1508068.000000 809.000000
1509271.000000 809.000000
1510474.000000 809.000000
1511677.000000 809.000000
1512880.000000 809.000000
1514083.000000 809.000000
1515286.000000 809.000000
1516489.000000 809.000000
1517692.000000 809.000000
1518895.000000 809.000000
1520098.000000 809.000000
1521301.000000 809.000000
1522504.000000 809.000000
1523707.000000 809.000000
1524910.000000 809.000000
1526113.000000 809.000000
1527316.000000 809.000000
1528519.000000 809.000000
1529722.000000 809.000000
1530925.000000 809.000000
1532128.000000 809.000000
1533331.000000 809.000000
1534534.000000 809.000000
1535737.000000 809.000000
1536940.000000 809.000000
1538143.000000 809.000000
1539346.000000 809.000000
1540549.000000 809.000000
1541752.000000 809.000000
1542955.000000 809.000000
1544158.000000 809.000000
1545361.000000 809.000000
1546564.000000 809.000000
1547767.000000 809.000000
1548970.000000 809.000000
1550173.000000 809.000000
1551376.000000 809.000000
1552579.000000 809.000000
1553782.000000 809.000000
1554985.000000 809.000000
1556188.000000 809.000000
1557391.000000 809.000000
1558594.000000 809.000000
1559797.000000 809.000000
1561000.000000 809.000000
1562203.000000 809.000000
1563406.000000 809.000000
1564609.000000 809.000000
1565812.000000 809.000000
1567015.000000 809.000000
1568218.000000 809.000000
1569421.000000 809.000000
1570624.000000 809.000000
1571827.000000 809.000000
1573030.000000 809.000000
1574233.000000 809.000000
1575436.000000 809.000000
1576639.000000 809.000000
1577842.000000 809.000000
1579045.000000 809.000000
1580248.000000 809.000000
1581451.000000 809.000000
1582654.000000 809.000000
1583857.000000 809.000000
1585060.000000 809.000000
1586263.000000 809.000000
1587466.000000 809.000000
1588669.000000 809.000000
1589872.000000 809.000000
1591075.000000 809.000000
1592278.000000 809.000000
1593481.000000 809.000000
1594684.000000 809.000000
1595887.000000 809.000000
1597090.000000 809.000000
1598293.000000 809.000000
1599496.000000 809.000000
1600699.000000 809.000000
1601902.000000 809.000000
1603179.000000 809.000000
1604456.000000 809.000000
1605733.000000 809.000000
1607010.000000 809.000000
1608287.000000 809.000000
1609564.000000 809.000000
1610841.000000 809.000000
1612118.000000 809.000000
1613395.000000 809.000000
1614672.000000 809.000000
1615949.000000 809.000000
1617226.000000 809.000000
1618503.000000 809.000000
1619780.000000 809.000000
1621057.000000 809.000000
1622334.000000 809.000000
1623611.000000 809.000000
1624888.000000 809.000000
1626165.000000 809.000000
1627442.000000 809.000000
1628719.000000 809.000000
1629996.000000 809.000000
1631273.000000 809.000000
1632550.000000 809.000000
1633827.000000 809.000000
1635104.000000 809.000000
1636381.000000 809.000000
1637658.000000 809.000000
1638935.000000 809.000000
1640212.000000 809.000000
1641489.000000 809.000000
1642766.000000 809.000000
1644043.000000 809.000000
1645320.000000 809.000000
1646597.000000 809.000000
1647874.000000 809.000000
1649151.000000 809.000000
1650428.000000 809.000000
1651705.000000 809.000000
1652982.000000 809.000000
1654259.000000 809.000000
1655536.000000 809.000000
1656813.000000 809.000000
1658090.000000 809.000000
1659367.000000 809.000000
1660644.000000 809.000000
1661921.000000 809.000000
1663198.000000 809.000000
1664475.000000 809.000000
1665752.000000 809.000000
1667029.000000 809.000000
1668306.000000 809.000000
1669583.000000 809.000000
1670860.000000 809.000000
1672137.000000 809.000000
1673414.000000 809.000000
1674691.000000 809.000000
1675968.000000 809.000000
1677245.000000 809.000000
1678522.000000 809.000000
1679799.000000 809.000000
1681076.000000 809.000000
1682353.000000 809.000000
1683630.000000 809.000000
1684907.000000 809.000000
1686184.000000 809.000000
1687461.000000 809.000000
1688738.000000 809.000000
1690015.000000 809.000000
1691292.000000 809.000000
1692569.000000 809.000000
1693846.000000 809.000000
1695123.000000 809.000000
1696400.000000 809.000000
1697677.000000 809.000000
1698954.000000 809.000000
1700231.000000 809.000000
1701508.000000 809.000000
1702785.000000 809.000000
1704062.000000 809.000000
1705339.000000 809.000000
1706616.000000 809.000000
1707893.000000 809.000000
1709170.000000 809.000000
1710447.000000 809.000000
1711724.000000 809.000000
1713001.000000 809.000000
1714278.000000 809.000000
1715555.000000 809.000000
1716832.000000 809.000000
1718109.000000 809.000000
1719386.000000 809.000000
1720663.000000 809.000000
1721940.000000 809.000000
1723217.000000 809.000000
1724494.000000 809.000000
1725771.000000 809.000000
1727048.000000 809.000000
1728325.000000 809.000000
1729602.000000 809.000000
1730879.000000 809.000000
1732156.000000 809.000000
1733433.000000 809.000000
1734710.000000 809.000000
1735987.000000 809.000000
1737264.000000 809.000000
1738541.000000 809.000000
1739818.000000 809.000000
1741095.000000 809.000000
1742372.000000 809.000000
1743649.000000 809.000000
1744926.000000 809.000000
1746203.000000 809.000000
1747480.000000 809.000000
1748757.000000 809.000000
1750034.000000 809.000000
1751311.000000 809.000000
1752588.000000 809.000000
1753865.000000 809.000000
1755142.000000 809.000000
1756419.000000 809.000000
1757696.000000 809.000000
1758973.000000 809.000000
1760250.000000 809.000000
1761527.000000 809.000000
1762804.000000 809.000000
1764081.000000 809.000000
1765358.000000 809.000000
1766635.000000 809.000000
1767912.000000 809.000000
1769189.000000 809.000000
1770466.000000 809.000000
1771743.000000 809.000000
1773020.000000 809.000000
1774297.000000 809.000000
1775574.000000 809.000000
1776851.000000 809.000000
1778128.000000 809.000000
1779405.000000 809.000000
1780682.000000 809.000000
1781959.000000 809.000000
1783236.000000 809.000000
1784513.000000 809.000000
1785790.000000 809.000000
1787067.000000 809.000000
1788344.000000 809.000000
1789621.000000 809.000000
1790898.000000 809.000000
1792175.000000 809.000000
1793452.000000 809.000000
1794729.000000 809.000000
1796006.000000 809.000000
1797283.000000 809.000000
1798560.000000 809.000000
1799837.000000 809.000000
1801114.000000 809.000000
1802391.000000 809.000000
1803668.000000 809.000000
1804945.000000 809.000000
1806222.000000 809.000000
1807499.000000 809.000000
1808776.000000 809.000000
1810053.000000 809.000000
1811330.000000 809.000000
1812607.000000 809.000000
1813884.000000 809.000000
1815161.000000 809.000000
1816438.000000 809.000000
1817715.000000 809.000000
1818992.000000 809.000000
1820269.000000 809.000000
1821546.000000 809.000000
1822823.000000 809.000000
1824100.000000 809.000000
1825377.000000 809.000000
1826654.000000 809.000000
1827931.000000 809.000000
1829208.000000 809.000000
1830485.000000 809.000000
1831762.000000 809.000000
1833039.000000 809.000000
1834316.000000 809.000000
1835593.000000 809.000000
1836870.000000 809.000000
1838147.000000 809.000000
1839424.000000 809.000000
1840701.000000 809.000000
1841978.000000 809.000000
1843255.000000 809.000000
1844532.000000 809.000000
1845809.000000 809.000000
1847086.000000 809.000000
1848363.000000 809.000000
1849640.000000 809.000000
1850917.000000 809.000000
1852194.000000 809.000000
1853471.000000 809.000000
1854748.000000 809.000000
1856025.000000 809.000000
1857302.000000 809.000000
1858559.000000 809.000000
1859816.000000 809.000000
1861073.000000 809.000000
1862330.000000 809.000000
1863587.000000 809.000000
1864844.000000 809.000000
1866101.000000 809.000000
1867358.000000 809.000000
1868615.000000 809.000000
1869872.000000 809.000000
1871129.000000 809.000000
1872386.000000 809.000000
1873643.000000 809.000000
1874900.000000 809.000000
1876157.000000 809.000000
1877414.000000 809.000000
1878671.000000 809.000000
1879928.000000 809.000000
1881185.000000 809.000000
1882442.000000 809.000000
1883699.000000 809.000000
1884956.000000 809.000000
1886213.000000 809.000000
1887470.000000 809.000000
1888727.000000 809.000000
1889984.000000 809.000000
1891241.000000 809.000000
1892498.000000 809.000000
1893755.000000 809.000000
1895012.000000 809.000000
1896269.000000 809.000000
1897526.000000 809.000000
1898783.000000 809.000000
1900040.000000 809.000000
1901297.000000 809.000000
1902554.000000 809.000000
1903811.000000 809.000000
1905068.000000 809.000000
1906325.000000 809.000000
1907582.000000 809.000000
1908839.000000 809.000000
1910096.000000 809.000000
1911353.000000 809.000000
1912610.000000 809.000000
1913867.000000 809.000000
1915124.000000 809.000000
1916381.000000 809.000000
1917638.000000 809.000000
1918895.000000 809.000000
1920152.000000 809.000000
1921409.000000 809.000000
1922666.000000 809.000000
1923923.000000 809.000000
1925180.000000 809.000000
1926437.000000 809.000000
1927694.000000 809.000000
1928951.000000 809.000000
1930208.000000 809.000000
1931465.000000 809.000000
1932722.000000 809.000000
1933979.000000 809.000000
1935236.000000 809.000000
1936493.000000 809.000000
1937750.000000 809.000000
1939007.000000 809.000000
1940264.000000 809.000000
1941521.000000 809.000000
1942778.000000 809.000000
1944035.000000 809.000000
1945292.000000 809.000000
1946549.000000 809.000000
1947806.000000 809.000000
1949063.000000 809.000000
1950320.000000 809.000000
1951577.000000 809.000000
1952834.000000 809.000000
1954091.000000 809.000000
1955348.000000 809.000000
1956605.000000 809.000000
1957862.000000 809.000000
1959119.000000 809.000000
1960376.000000 809.000000
1961633.000000 809.000000
1962890.000000 809.000000
1964147.000000 809.000000
1965404.000000 809.000000
1966661.000000 809.000000
1967918.000000 809.000000
1969175.000000 809.000000
1970432.000000 809.000000
1971689.000000 809.000000
1972946.000000 809.000000
1974203.000000 809.000000
1975460.000000 809.000000
1976717.000000 809.000000
1977974.000000 809.000000
1979231.000000 809.000000
1980488.000000 809.000000
1981745.000000 809.000000
1983002.000000 809.000000
1984259.000000 809.000000
1985516.000000 809.000000
1986773.000000 809.000000
1988030.000000 809.000000
1989287.000000 809.000000
1990544.000000 809.000000
1991801.000000 809.000000
1993058.000000 809.000000
1994315.000000 809.000000
1995572.000000 809.000000
1996829.000000 809.000000
1998086.000000 809.000000
1999343.000000 809.000000
2000600.000000 809.000000
2001857.000000 809.000000
2003114.000000 809.000000
2004371.000000 809.000000
2005628.000000 809.000000
2006885.000000 809.000000
2008142.000000 809.000000
2009399.000000 809.000000
2010656.000000 809.000000
2011913.000000 809.000000
2013170.000000 809.000000
2014427.000000 809.000000
2015684.000000 809.000000
2016941.000000 809.000000
2018198.000000 809.000000
2019455.000000 809.000000
2020712.000000 809.000000
2021969.000000 809.000000
2023226.000000 809.000000
2024483.000000 809.000000
2025740.000000 809.000000
2026997.000000 809.000000
2028254.000000 809.000000
2029511.000000 809.000000
2030768.000000 809.000000
2032025.000000 809.000000
2033282.000000 809.000000
2034539.000000 809.000000
2035796.000000 809.000000
2037053.000000 809.000000
2038310.000000 809.000000
2039567.000000 809.000000
2040824.000000 809.000000
2042081.000000 809.000000
2043338.000000 809.000000
2044595.000000 809.000000
2045852.000000 809.000000
2047109.000000 809.000000
2048366.000000 809.000000
2049623.000000 809.000000
2050880.000000 809.000000
2052137.000000 809.000000
2053394.000000 809.000000
2054651.000000 809.000000
2055908.000000 809.000000
2057165.000000 809.000000
2058422.000000 809.000000
2059679.000000 809.000000
2060936.000000 809.000000
2062193.000000 809.000000
2063450.000000 809.000000
2064707.000000 809.000000
2065964.000000 809.000000
2067221.000000 809.000000
2068478.000000 809.000000
2069735.000000 809.000000
2070992.000000 809.000000
2072249.000000 809.000000
2073506.000000 809.000000
2074763.000000 809.000000
2076020.000000 809.000000
2077277.000000 809.000000
2078534.000000 809.000000
2079791.000000 809.000000
2081048.000000 809.000000
2082305.000000 809.000000
2083562.000000 809.000000
2084819.000000 809.000000
2086076.000000 809.000000
2087333.000000 809.000000
2088590.000000 809.000000
2089847.000000 809.000000
2091104.000000 809.000000
2092361.000000 809.000000
2093618.000000 809.000000
2094875.000000 809.000000
2096132.000000 809.000000
2097389.000000 809.000000
2098646.000000 809.000000
2099903.000000 809.000000
2101160.000000 809.000000
2102417.000000 809.000000
2103674.000000 809.000000
2104931.000000 809.000000
2106188.000000 809.000000
2107445.000000 809.000000
2108702.000000 809.000000
